language,filename,blank,comment,code,"github.com/AlDanial/cloc v 1.98  T=0.64 s (4990.4 files/s 386810.5 lines/s)"
Markdown,/tmp/clone_directory/docs/chapter_computational_complexity/time_complexity.md,226,0,998
Markdown,/tmp/clone_directory/zh-hant/docs/chapter_computational_complexity/time_complexity.md,226,0,998
C/C++ Header,/tmp/clone_directory/zh-hant/codes/c/utils/uthash.h,92,120,928
Markdown,/tmp/clone_directory/en/docs/chapter_computational_complexity/time_complexity.md,218,0,894
Markdown,/tmp/clone_directory/docs/chapter_array_and_linkedlist/list.md,265,0,769
Markdown,/tmp/clone_directory/zh-hant/docs/chapter_array_and_linkedlist/list.md,265,0,769
Markdown,/tmp/clone_directory/docs/chapter_computational_complexity/space_complexity.md,174,0,724
Markdown,/tmp/clone_directory/zh-hant/docs/chapter_computational_complexity/space_complexity.md,174,0,724
Markdown,/tmp/clone_directory/en/docs/chapter_array_and_linkedlist/list.md,239,0,667
Markdown,/tmp/clone_directory/en/docs/chapter_computational_complexity/space_complexity.md,164,0,639
Markdown,/tmp/clone_directory/docs/chapter_array_and_linkedlist/linked_list.md,143,0,618
Markdown,/tmp/clone_directory/zh-hant/docs/chapter_array_and_linkedlist/linked_list.md,143,0,618
Markdown,/tmp/clone_directory/docs/chapter_tree/binary_tree.md,138,0,550
Markdown,/tmp/clone_directory/en/docs/chapter_array_and_linkedlist/linked_list.md,136,0,550
Markdown,/tmp/clone_directory/zh-hant/docs/chapter_tree/binary_tree.md,138,0,550
Markdown,/tmp/clone_directory/en/docs/chapter_tree/binary_tree.md,140,0,522
Markdown,/tmp/clone_directory/docs/chapter_hashing/hash_map.md,135,0,468
Markdown,/tmp/clone_directory/zh-hant/docs/chapter_hashing/hash_map.md,135,0,468
CSS,/tmp/clone_directory/overrides/stylesheets/extra.css,92,30,418
Markdown,/tmp/clone_directory/docs/chapter_backtracking/backtracking_algorithm.md,96,0,413
Markdown,/tmp/clone_directory/en/docs/chapter_hashing/hash_map.md,124,0,413
Markdown,/tmp/clone_directory/zh-hant/docs/chapter_backtracking/backtracking_algorithm.md,96,0,413
Markdown,/tmp/clone_directory/docs/chapter_heap/heap.md,143,0,395
Markdown,/tmp/clone_directory/zh-hant/docs/chapter_heap/heap.md,143,0,395
Markdown,/tmp/clone_directory/en/docs/chapter_heap/heap.md,144,0,394
Markdown,/tmp/clone_directory/en/docs/chapter_backtracking/backtracking_algorithm.md,96,0,393
HTML,/tmp/clone_directory/docs/index.html,11,17,346
HTML,/tmp/clone_directory/en/docs/index.html,11,17,346
HTML,/tmp/clone_directory/zh-hant/docs/index.html,11,17,338
Markdown,/tmp/clone_directory/docs/chapter_stack_and_queue/deque.md,124,0,334
Markdown,/tmp/clone_directory/zh-hant/docs/chapter_stack_and_queue/deque.md,124,0,334
Markdown,/tmp/clone_directory/docs/chapter_stack_and_queue/queue.md,125,0,304
Markdown,/tmp/clone_directory/docs/chapter_stack_and_queue/stack.md,132,0,304
Markdown,/tmp/clone_directory/zh-hant/docs/chapter_stack_and_queue/queue.md,125,0,304
Markdown,/tmp/clone_directory/zh-hant/docs/chapter_stack_and_queue/stack.md,132,0,304
Markdown,/tmp/clone_directory/docs/chapter_hashing/hash_algorithm.md,118,0,298
Markdown,/tmp/clone_directory/zh-hant/docs/chapter_hashing/hash_algorithm.md,118,0,298
Markdown,/tmp/clone_directory/en/docs/chapter_stack_and_queue/deque.md,113,0,292
Markdown,/tmp/clone_directory/en/docs/chapter_stack_and_queue/stack.md,121,0,268
Markdown,/tmp/clone_directory/docs/chapter_tree/avl_tree.md,97,0,267
Markdown,/tmp/clone_directory/en/docs/chapter_stack_and_queue/queue.md,114,0,267
Markdown,/tmp/clone_directory/zh-hant/docs/chapter_tree/avl_tree.md,97,0,267
Markdown,/tmp/clone_directory/en/docs/chapter_hashing/hash_algorithm.md,107,0,259
Markdown,/tmp/clone_directory/en/docs/chapter_tree/avl_tree.md,97,0,256
TOML,/tmp/clone_directory/zh-hant/codes/rust/Cargo.toml,82,81,250
YAML,/tmp/clone_directory/mkdocs.yml,8,45,246
Rust,/tmp/clone_directory/codes/rust/chapter_tree/avl_tree.rs,25,58,215
Rust,/tmp/clone_directory/zh-hant/codes/rust/chapter_tree/avl_tree.rs,25,58,215
C/C++ Header,/tmp/clone_directory/codes/c/utils/vector.h,27,29,203
C/C++ Header,/tmp/clone_directory/zh-hant/codes/c/utils/vector.h,27,29,203
Swift,/tmp/clone_directory/zh-hant/codes/swift/Package.swift,2,28,176
C,/tmp/clone_directory/codes/c/chapter_tree/avl_tree.c,22,64,173
C,/tmp/clone_directory/zh-hant/codes/c/chapter_tree/avl_tree.c,22,64,173
C/C++ Header,/tmp/clone_directory/codes/cpp/utils/print_utils.hpp,28,30,170
C/C++ Header,/tmp/clone_directory/en/codes/cpp/utils/print_utils.hpp,28,30,170
C/C++ Header,/tmp/clone_directory/zh-hant/codes/cpp/utils/print_utils.hpp,28,30,170
Zig,/tmp/clone_directory/codes/zig/chapter_tree/avl_tree.zig,24,57,168
Zig,/tmp/clone_directory/zh-hant/codes/zig/chapter_tree/avl_tree.zig,24,57,168
Markdown,/tmp/clone_directory/docs/chapter_preface/suggestions.md,88,0,164
Markdown,/tmp/clone_directory/zh-hant/docs/chapter_preface/suggestions.md,88,0,164
Markdown,/tmp/clone_directory/docs/chapter_array_and_linkedlist/array.md,72,0,163
Markdown,/tmp/clone_directory/zh-hant/docs/chapter_array_and_linkedlist/array.md,72,0,163
C,/tmp/clone_directory/codes/c/chapter_hashing/array_hash_map.c,26,31,158
C,/tmp/clone_directory/zh-hant/codes/c/chapter_hashing/array_hash_map.c,26,31,158
Rust,/tmp/clone_directory/codes/rust/chapter_stack_and_queue/linkedlist_deque.rs,23,34,157
Rust,/tmp/clone_directory/zh-hant/codes/rust/chapter_stack_and_queue/linkedlist_deque.rs,23,34,157
Markdown,/tmp/clone_directory/en/docs/chapter_preface/suggestions.md,83,0,156
YAML,/tmp/clone_directory/en/mkdocs.yml,4,22,154
C,/tmp/clone_directory/codes/c/chapter_hashing/hash_map_chaining.c,22,38,153
Rust,/tmp/clone_directory/codes/rust/chapter_tree/array_binary_tree.rs,18,28,153
Swift,/tmp/clone_directory/codes/swift/chapter_tree/avl_tree.swift,21,56,153
C,/tmp/clone_directory/zh-hant/codes/c/chapter_hashing/hash_map_chaining.c,22,38,153
Rust,/tmp/clone_directory/zh-hant/codes/rust/chapter_tree/array_binary_tree.rs,18,28,153
Swift,/tmp/clone_directory/zh-hant/codes/swift/chapter_tree/avl_tree.swift,21,56,153
C++,/tmp/clone_directory/codes/cpp/chapter_tree/avl_tree.cpp,22,59,152
C++,/tmp/clone_directory/en/codes/cpp/chapter_tree/avl_tree.cpp,22,59,152
Markdown,/tmp/clone_directory/en/docs/chapter_array_and_linkedlist/array.md,69,0,152
C++,/tmp/clone_directory/zh-hant/codes/cpp/chapter_tree/avl_tree.cpp,22,59,152
YAML,/tmp/clone_directory/zh-hant/mkdocs.yml,4,23,151
C,/tmp/clone_directory/codes/c/chapter_stack_and_queue/linkedlist_deque.c,26,40,146
Zig,/tmp/clone_directory/codes/zig/chapter_stack_and_queue/linkedlist_deque.zig,26,35,146
C,/tmp/clone_directory/zh-hant/codes/c/chapter_stack_and_queue/linkedlist_deque.c,26,40,146
Zig,/tmp/clone_directory/zh-hant/codes/zig/chapter_stack_and_queue/linkedlist_deque.zig,26,35,146
C,/tmp/clone_directory/codes/c/chapter_hashing/hash_map_open_addressing.c,21,45,145
Kotlin,/tmp/clone_directory/codes/kotlin/chapter_tree/avl_tree.kt,21,57,145
C,/tmp/clone_directory/zh-hant/codes/c/chapter_hashing/hash_map_open_addressing.c,21,45,145
Kotlin,/tmp/clone_directory/zh-hant/codes/kotlin/chapter_tree/avl_tree.kt,21,57,145
TypeScript,/tmp/clone_directory/codes/typescript/chapter_tree/avl_tree.ts,20,58,144
TypeScript,/tmp/clone_directory/zh-hant/codes/typescript/chapter_tree/avl_tree.ts,20,58,144
Java,/tmp/clone_directory/codes/java/chapter_tree/avl_tree.java,21,56,143
Java,/tmp/clone_directory/en/codes/java/chapter_tree/avl_tree.java,21,56,143
Java,/tmp/clone_directory/zh-hant/codes/java/chapter_tree/avl_tree.java,21,56,143
Dart,/tmp/clone_directory/codes/dart/chapter_tree/avl_tree.dart,20,56,142
Dart,/tmp/clone_directory/zh-hant/codes/dart/chapter_tree/avl_tree.dart,20,56,142
C#,/tmp/clone_directory/codes/csharp/chapter_computational_complexity/time_complexity.cs,24,30,141
C#,/tmp/clone_directory/zh-hant/codes/csharp/chapter_computational_complexity/time_complexity.cs,24,30,141
C#,/tmp/clone_directory/codes/csharp/chapter_tree/avl_tree.cs,20,56,140
C#,/tmp/clone_directory/zh-hant/codes/csharp/chapter_tree/avl_tree.cs,20,56,140
Rust,/tmp/clone_directory/codes/rust/chapter_tree/binary_search_tree.rs,15,43,137
Rust,/tmp/clone_directory/zh-hant/codes/rust/chapter_tree/binary_search_tree.rs,15,43,137
Markdown,/tmp/clone_directory/docs/chapter_data_structure/basic_data_types.md,45,0,136
Markdown,/tmp/clone_directory/zh-hant/docs/chapter_data_structure/basic_data_types.md,45,0,136
Ruby,/tmp/clone_directory/codes/ruby/chapter_tree/avl_tree.rb,23,59,134
Ruby,/tmp/clone_directory/zh-hant/codes/ruby/chapter_tree/avl_tree.rb,23,59,134
Go,/tmp/clone_directory/codes/go/chapter_tree/avl_tree.go,15,52,133
Zig,/tmp/clone_directory/codes/zig/chapter_computational_complexity/time_complexity.zig,22,24,133
Markdown,/tmp/clone_directory/docs/chapter_appendix/terminology.md,4,0,133
Markdown,/tmp/clone_directory/en/docs/chapter_appendix/terminology.md,4,0,133
Go,/tmp/clone_directory/zh-hant/codes/go/chapter_tree/avl_tree.go,15,52,133
Zig,/tmp/clone_directory/zh-hant/codes/zig/chapter_computational_complexity/time_complexity.zig,22,24,133
C++,/tmp/clone_directory/codes/cpp/chapter_stack_and_queue/linkedlist_deque.cpp,24,38,132
C++,/tmp/clone_directory/en/codes/cpp/chapter_stack_and_queue/linkedlist_deque.cpp,24,38,132
C++,/tmp/clone_directory/zh-hant/codes/cpp/chapter_stack_and_queue/linkedlist_deque.cpp,24,38,132
Markdown,/tmp/clone_directory/zh-hant/docs/chapter_appendix/terminology.md,4,0,132
JavaScript,/tmp/clone_directory/codes/javascript/chapter_tree/avl_tree.js,19,58,131
JavaScript,/tmp/clone_directory/zh-hant/codes/javascript/chapter_tree/avl_tree.js,19,58,131
C,/tmp/clone_directory/codes/c/chapter_computational_complexity/time_complexity.c,22,27,130
C,/tmp/clone_directory/zh-hant/codes/c/chapter_computational_complexity/time_complexity.c,22,27,130
C,/tmp/clone_directory/codes/c/chapter_graph/graph_adjacency_list.c,14,28,129
Markdown,/tmp/clone_directory/en/docs/chapter_data_structure/basic_data_types.md,41,0,129
C,/tmp/clone_directory/zh-hant/codes/c/chapter_graph/graph_adjacency_list.c,14,28,129
Swift,/tmp/clone_directory/codes/swift/chapter_computational_complexity/time_complexity.swift,19,26,127
TypeScript,/tmp/clone_directory/codes/typescript/chapter_sorting/quick_sort.ts,14,39,127
Swift,/tmp/clone_directory/zh-hant/codes/swift/chapter_computational_complexity/time_complexity.swift,19,26,127
TypeScript,/tmp/clone_directory/zh-hant/codes/typescript/chapter_sorting/quick_sort.ts,14,39,127
Markdown,/tmp/clone_directory/docs/chapter_dynamic_programming/unbounded_knapsack_problem.md,81,0,126
Markdown,/tmp/clone_directory/en/docs/chapter_dynamic_programming/unbounded_knapsack_problem.md,81,0,126
Markdown,/tmp/clone_directory/zh-hant/docs/chapter_dynamic_programming/unbounded_knapsack_problem.md,81,0,126
Swift,/tmp/clone_directory/codes/swift/chapter_stack_and_queue/linkedlist_deque.swift,21,34,125
Zig,/tmp/clone_directory/codes/zig/chapter_tree/binary_search_tree.zig,15,42,125
Swift,/tmp/clone_directory/zh-hant/codes/swift/chapter_stack_and_queue/linkedlist_deque.swift,21,34,125
Zig,/tmp/clone_directory/zh-hant/codes/zig/chapter_tree/binary_search_tree.zig,15,42,125
Rust,/tmp/clone_directory/codes/rust/chapter_computational_complexity/time_complexity.rs,20,26,124
Rust,/tmp/clone_directory/zh-hant/codes/rust/chapter_computational_complexity/time_complexity.rs,20,26,124
TypeScript,/tmp/clone_directory/codes/typescript/chapter_hashing/hash_map_open_addressing.ts,17,42,123
TypeScript,/tmp/clone_directory/zh-hant/codes/typescript/chapter_hashing/hash_map_open_addressing.ts,17,42,123
Kotlin,/tmp/clone_directory/codes/kotlin/chapter_computational_complexity/time_complexity.kt,20,26,122
Rust,/tmp/clone_directory/codes/rust/chapter_hashing/hash_map_open_addressing.rs,18,41,122
Kotlin,/tmp/clone_directory/zh-hant/codes/kotlin/chapter_computational_complexity/time_complexity.kt,20,26,122
Rust,/tmp/clone_directory/zh-hant/codes/rust/chapter_hashing/hash_map_open_addressing.rs,18,41,122
C++,/tmp/clone_directory/codes/cpp/chapter_computational_complexity/time_complexity.cpp,21,26,121
Java,/tmp/clone_directory/codes/java/chapter_computational_complexity/time_complexity.java,20,26,121
C++,/tmp/clone_directory/en/codes/cpp/chapter_computational_complexity/time_complexity.cpp,21,26,121
Java,/tmp/clone_directory/en/codes/java/chapter_computational_complexity/time_complexity.java,20,26,121
C++,/tmp/clone_directory/zh-hant/codes/cpp/chapter_computational_complexity/time_complexity.cpp,21,26,121
Java,/tmp/clone_directory/zh-hant/codes/java/chapter_computational_complexity/time_complexity.java,20,26,121
C#,/tmp/clone_directory/codes/csharp/chapter_stack_and_queue/linkedlist_deque.cs,24,33,120
JavaScript,/tmp/clone_directory/codes/javascript/chapter_hashing/hash_map_open_addressing.js,15,42,120
C#,/tmp/clone_directory/zh-hant/codes/csharp/chapter_stack_and_queue/linkedlist_deque.cs,24,33,120
JavaScript,/tmp/clone_directory/zh-hant/codes/javascript/chapter_hashing/hash_map_open_addressing.js,15,42,120
Java,/tmp/clone_directory/codes/java/chapter_stack_and_queue/linkedlist_deque.java,23,33,119
JavaScript,/tmp/clone_directory/codes/javascript/chapter_stack_and_queue/linkedlist_deque.js,19,29,119
Swift,/tmp/clone_directory/codes/swift/chapter_tree/binary_search_tree.swift,11,43,119
TypeScript,/tmp/clone_directory/codes/typescript/chapter_stack_and_queue/linkedlist_deque.ts,19,29,119
Java,/tmp/clone_directory/en/codes/java/chapter_stack_and_queue/linkedlist_deque.java,23,33,119
Java,/tmp/clone_directory/zh-hant/codes/java/chapter_stack_and_queue/linkedlist_deque.java,23,33,119
JavaScript,/tmp/clone_directory/zh-hant/codes/javascript/chapter_stack_and_queue/linkedlist_deque.js,19,29,119
Swift,/tmp/clone_directory/zh-hant/codes/swift/chapter_tree/binary_search_tree.swift,11,43,119
TypeScript,/tmp/clone_directory/zh-hant/codes/typescript/chapter_stack_and_queue/linkedlist_deque.ts,19,29,119
Dart,/tmp/clone_directory/codes/dart/chapter_computational_complexity/time_complexity.dart,21,27,117
Dart,/tmp/clone_directory/zh-hant/codes/dart/chapter_computational_complexity/time_complexity.dart,21,27,117
C++,/tmp/clone_directory/codes/cpp/chapter_sorting/quick_sort.cpp,15,36,115
Python,/tmp/clone_directory/codes/python/chapter_tree/avl_tree.py,26,59,115
Zig,/tmp/clone_directory/codes/zig/chapter_hashing/array_hash_map.zig,21,26,115
C++,/tmp/clone_directory/en/codes/cpp/chapter_sorting/quick_sort.cpp,15,36,115
Python,/tmp/clone_directory/en/codes/python/chapter_tree/avl_tree.py,26,59,115
C++,/tmp/clone_directory/zh-hant/codes/cpp/chapter_sorting/quick_sort.cpp,15,36,115
Python,/tmp/clone_directory/zh-hant/codes/python/chapter_tree/avl_tree.py,26,59,115
Zig,/tmp/clone_directory/zh-hant/codes/zig/chapter_hashing/array_hash_map.zig,21,26,115
Zig,/tmp/clone_directory/codes/zig/chapter_heap/my_heap.zig,28,44,114
Markdown,/tmp/clone_directory/docs/chapter_computational_complexity/iteration_and_recursion.md,80,0,114
Markdown,/tmp/clone_directory/en/docs/chapter_computational_complexity/iteration_and_recursion.md,80,0,114
Zig,/tmp/clone_directory/zh-hant/codes/zig/chapter_heap/my_heap.zig,28,44,114
Markdown,/tmp/clone_directory/zh-hant/docs/chapter_computational_complexity/iteration_and_recursion.md,80,0,114
C,/tmp/clone_directory/codes/c/chapter_tree/array_binary_tree.c,23,30,113
Markdown,/tmp/clone_directory/docs/chapter_tree/array_representation_of_tree.md,53,0,113
C,/tmp/clone_directory/zh-hant/codes/c/chapter_tree/array_binary_tree.c,23,30,113
Markdown,/tmp/clone_directory/zh-hant/docs/chapter_tree/array_representation_of_tree.md,53,0,113
C,/tmp/clone_directory/codes/c/chapter_tree/binary_search_tree.c,13,46,112
C++,/tmp/clone_directory/codes/cpp/chapter_hashing/hash_map_open_addressing.cpp,17,42,112
Zig,/tmp/clone_directory/codes/zig/chapter_array_and_linkedlist/my_list.zig,22,39,112
C++,/tmp/clone_directory/en/codes/cpp/chapter_hashing/hash_map_open_addressing.cpp,17,42,112
C,/tmp/clone_directory/zh-hant/codes/c/chapter_tree/binary_search_tree.c,13,46,112
C++,/tmp/clone_directory/zh-hant/codes/cpp/chapter_hashing/hash_map_open_addressing.cpp,17,42,112
Zig,/tmp/clone_directory/zh-hant/codes/zig/chapter_array_and_linkedlist/my_list.zig,22,39,112
Dart,/tmp/clone_directory/codes/dart/chapter_stack_and_queue/linkedlist_deque.dart,21,35,111
TypeScript,/tmp/clone_directory/codes/typescript/chapter_computational_complexity/time_complexity.ts,20,26,111
Dart,/tmp/clone_directory/zh-hant/codes/dart/chapter_stack_and_queue/linkedlist_deque.dart,21,35,111
TypeScript,/tmp/clone_directory/zh-hant/codes/typescript/chapter_computational_complexity/time_complexity.ts,20,26,111
C++,/tmp/clone_directory/codes/cpp/chapter_array_and_linkedlist/my_list.cpp,21,40,110
C++,/tmp/clone_directory/codes/cpp/chapter_tree/binary_search_tree.cpp,14,46,110
JavaScript,/tmp/clone_directory/codes/javascript/chapter_computational_complexity/time_complexity.js,19,26,110
Rust,/tmp/clone_directory/codes/rust/chapter_array_and_linkedlist/my_list.rs,18,37,110
Zig,/tmp/clone_directory/codes/zig/chapter_sorting/quick_sort.zig,18,34,110
C++,/tmp/clone_directory/en/codes/cpp/chapter_array_and_linkedlist/my_list.cpp,21,40,110
C++,/tmp/clone_directory/en/codes/cpp/chapter_tree/binary_search_tree.cpp,14,46,110
Markdown,/tmp/clone_directory/en/docs/chapter_tree/array_representation_of_tree.md,54,0,110
C++,/tmp/clone_directory/zh-hant/codes/cpp/chapter_array_and_linkedlist/my_list.cpp,21,40,110
C++,/tmp/clone_directory/zh-hant/codes/cpp/chapter_tree/binary_search_tree.cpp,14,46,110
JavaScript,/tmp/clone_directory/zh-hant/codes/javascript/chapter_computational_complexity/time_complexity.js,19,26,110
Rust,/tmp/clone_directory/zh-hant/codes/rust/chapter_array_and_linkedlist/my_list.rs,18,37,110
Zig,/tmp/clone_directory/zh-hant/codes/zig/chapter_sorting/quick_sort.zig,18,34,110
JavaScript,/tmp/clone_directory/codes/javascript/chapter_sorting/quick_sort.js,13,39,109
JavaScript,/tmp/clone_directory/zh-hant/codes/javascript/chapter_sorting/quick_sort.js,13,39,109
Java,/tmp/clone_directory/codes/java/chapter_sorting/quick_sort.java,15,35,108
Kotlin,/tmp/clone_directory/codes/kotlin/chapter_stack_and_queue/linkedlist_deque.kt,20,35,108
Ruby,/tmp/clone_directory/codes/ruby/chapter_stack_and_queue/linkedlist_deque.rb,24,36,108
Rust,/tmp/clone_directory/codes/rust/chapter_hashing/hash_map_chaining.rs,23,33,108
Swift,/tmp/clone_directory/codes/swift/chapter_hashing/hash_map_open_addressing.swift,15,41,108
Java,/tmp/clone_directory/en/codes/java/chapter_sorting/quick_sort.java,15,35,108
Java,/tmp/clone_directory/zh-hant/codes/java/chapter_sorting/quick_sort.java,15,35,108
Kotlin,/tmp/clone_directory/zh-hant/codes/kotlin/chapter_stack_and_queue/linkedlist_deque.kt,20,35,108
Ruby,/tmp/clone_directory/zh-hant/codes/ruby/chapter_stack_and_queue/linkedlist_deque.rb,24,36,108
Rust,/tmp/clone_directory/zh-hant/codes/rust/chapter_hashing/hash_map_chaining.rs,23,33,108
Swift,/tmp/clone_directory/zh-hant/codes/swift/chapter_hashing/hash_map_open_addressing.swift,15,41,108
C,/tmp/clone_directory/codes/c/chapter_dynamic_programming/edit_distance.c,12,41,106
C#,/tmp/clone_directory/codes/csharp/chapter_tree/binary_search_tree.cs,14,40,106
Dart,/tmp/clone_directory/codes/dart/chapter_tree/array_binary_tree.dart,18,28,106
Rust,/tmp/clone_directory/codes/rust/chapter_stack_and_queue/array_deque.rs,20,36,106
Markdown,/tmp/clone_directory/docs/chapter_dynamic_programming/dp_solution_pipeline.md,77,0,106
Markdown,/tmp/clone_directory/en/docs/chapter_dynamic_programming/dp_solution_pipeline.md,77,0,106
C,/tmp/clone_directory/zh-hant/codes/c/chapter_dynamic_programming/edit_distance.c,12,41,106
C#,/tmp/clone_directory/zh-hant/codes/csharp/chapter_tree/binary_search_tree.cs,14,40,106
Dart,/tmp/clone_directory/zh-hant/codes/dart/chapter_tree/array_binary_tree.dart,18,28,106
Rust,/tmp/clone_directory/zh-hant/codes/rust/chapter_stack_and_queue/array_deque.rs,20,36,106
Markdown,/tmp/clone_directory/zh-hant/docs/chapter_dynamic_programming/dp_solution_pipeline.md,77,0,106
Kotlin,/tmp/clone_directory/codes/kotlin/chapter_hashing/hash_map_open_addressing.kt,15,41,105
Kotlin,/tmp/clone_directory/zh-hant/codes/kotlin/chapter_hashing/hash_map_open_addressing.kt,15,41,105
C,/tmp/clone_directory/codes/c/chapter_array_and_linkedlist/my_list.c,26,33,104
C#,/tmp/clone_directory/codes/csharp/chapter_hashing/hash_map_open_addressing.cs,15,40,104
Java,/tmp/clone_directory/codes/java/chapter_tree/binary_search_tree.java,12,42,104
Kotlin,/tmp/clone_directory/codes/kotlin/chapter_tree/binary_search_tree.kt,11,42,104
Ruby,/tmp/clone_directory/codes/ruby/chapter_computational_complexity/time_complexity.rb,35,26,104
Markdown,/tmp/clone_directory/docs/chapter_data_structure/number_encoding.md,46,0,104
Java,/tmp/clone_directory/en/codes/java/chapter_tree/binary_search_tree.java,12,42,104
Markdown,/tmp/clone_directory/en/docs/chapter_data_structure/number_encoding.md,46,0,104
C,/tmp/clone_directory/zh-hant/codes/c/chapter_array_and_linkedlist/my_list.c,26,33,104
C#,/tmp/clone_directory/zh-hant/codes/csharp/chapter_hashing/hash_map_open_addressing.cs,15,40,104
Java,/tmp/clone_directory/zh-hant/codes/java/chapter_tree/binary_search_tree.java,12,42,104
Kotlin,/tmp/clone_directory/zh-hant/codes/kotlin/chapter_tree/binary_search_tree.kt,11,42,104
Ruby,/tmp/clone_directory/zh-hant/codes/ruby/chapter_computational_complexity/time_complexity.rb,35,26,104
Markdown,/tmp/clone_directory/zh-hant/docs/chapter_data_structure/number_encoding.md,46,0,104
C,/tmp/clone_directory/codes/c/chapter_graph/graph_adjacency_matrix.c,17,30,103
Java,/tmp/clone_directory/codes/java/chapter_hashing/hash_map_chaining.java,15,30,103
Java,/tmp/clone_directory/codes/java/chapter_hashing/hash_map_open_addressing.java,15,40,103
Java,/tmp/clone_directory/en/codes/java/chapter_hashing/hash_map_chaining.java,15,30,103
Java,/tmp/clone_directory/en/codes/java/chapter_hashing/hash_map_open_addressing.java,15,40,103
C,/tmp/clone_directory/zh-hant/codes/c/chapter_graph/graph_adjacency_matrix.c,17,30,103
Java,/tmp/clone_directory/zh-hant/codes/java/chapter_hashing/hash_map_chaining.java,15,30,103
Java,/tmp/clone_directory/zh-hant/codes/java/chapter_hashing/hash_map_open_addressing.java,15,40,103
C#,/tmp/clone_directory/codes/csharp/chapter_sorting/quick_sort.cs,14,34,102
Ruby,/tmp/clone_directory/codes/ruby/chapter_sorting/quick_sort.rb,10,41,102
Rust,/tmp/clone_directory/codes/rust/chapter_sorting/quick_sort.rs,13,33,102
TypeScript,/tmp/clone_directory/codes/typescript/chapter_stack_and_queue/array_deque.ts,20,36,102
TypeScript,/tmp/clone_directory/codes/typescript/chapter_tree/array_binary_tree.ts,20,29,102
Zig,/tmp/clone_directory/codes/zig/include/PrintUtil.zig,17,13,102
Markdown,/tmp/clone_directory/docs/chapter_dynamic_programming/knapsack_problem.md,66,0,102
Markdown,/tmp/clone_directory/en/docs/chapter_dynamic_programming/knapsack_problem.md,66,0,102
C#,/tmp/clone_directory/zh-hant/codes/csharp/chapter_sorting/quick_sort.cs,14,34,102
Ruby,/tmp/clone_directory/zh-hant/codes/ruby/chapter_sorting/quick_sort.rb,10,41,102
Rust,/tmp/clone_directory/zh-hant/codes/rust/chapter_sorting/quick_sort.rs,13,33,102
TypeScript,/tmp/clone_directory/zh-hant/codes/typescript/chapter_stack_and_queue/array_deque.ts,20,36,102
TypeScript,/tmp/clone_directory/zh-hant/codes/typescript/chapter_tree/array_binary_tree.ts,20,29,102
Zig,/tmp/clone_directory/zh-hant/codes/zig/include/PrintUtil.zig,17,13,102
Markdown,/tmp/clone_directory/zh-hant/docs/chapter_dynamic_programming/knapsack_problem.md,66,0,102
Dart,/tmp/clone_directory/codes/dart/chapter_hashing/hash_map_open_addressing.dart,15,41,101
Go,/tmp/clone_directory/codes/go/chapter_tree/binary_search_tree.go,9,32,101
JavaScript,/tmp/clone_directory/codes/javascript/chapter_stack_and_queue/array_deque.js,19,36,101
Swift,/tmp/clone_directory/codes/swift/chapter_dynamic_programming/edit_distance.swift,9,37,101
Dart,/tmp/clone_directory/zh-hant/codes/dart/chapter_hashing/hash_map_open_addressing.dart,15,41,101
Go,/tmp/clone_directory/zh-hant/codes/go/chapter_tree/binary_search_tree.go,9,32,101
JavaScript,/tmp/clone_directory/zh-hant/codes/javascript/chapter_stack_and_queue/array_deque.js,19,36,101
Swift,/tmp/clone_directory/zh-hant/codes/swift/chapter_dynamic_programming/edit_distance.swift,9,37,101
C++,/tmp/clone_directory/codes/cpp/chapter_hashing/hash_map_chaining.cpp,16,34,100
C++,/tmp/clone_directory/codes/cpp/chapter_stack_and_queue/array_deque.cpp,20,36,100
C#,/tmp/clone_directory/codes/csharp/chapter_hashing/hash_map_chaining.cs,14,30,100
Go,/tmp/clone_directory/codes/go/chapter_hashing/hash_map_chaining.go,12,22,100
JavaScript,/tmp/clone_directory/codes/javascript/chapter_tree/array_binary_tree.js,18,29,100
Zig,/tmp/clone_directory/codes/zig/chapter_dynamic_programming/edit_distance.zig,11,35,100
C++,/tmp/clone_directory/en/codes/cpp/chapter_hashing/hash_map_chaining.cpp,16,34,100
C++,/tmp/clone_directory/en/codes/cpp/chapter_stack_and_queue/array_deque.cpp,20,36,100
C++,/tmp/clone_directory/zh-hant/codes/cpp/chapter_hashing/hash_map_chaining.cpp,16,34,100
C++,/tmp/clone_directory/zh-hant/codes/cpp/chapter_stack_and_queue/array_deque.cpp,20,36,100
C#,/tmp/clone_directory/zh-hant/codes/csharp/chapter_hashing/hash_map_chaining.cs,14,30,100
Go,/tmp/clone_directory/zh-hant/codes/go/chapter_hashing/hash_map_chaining.go,12,22,100
JavaScript,/tmp/clone_directory/zh-hant/codes/javascript/chapter_tree/array_binary_tree.js,18,29,100
Zig,/tmp/clone_directory/zh-hant/codes/zig/chapter_dynamic_programming/edit_distance.zig,11,35,100
C,/tmp/clone_directory/codes/c/chapter_stack_and_queue/array_deque.c,22,38,99
C/C++ Header,/tmp/clone_directory/codes/c/utils/print_util.h,17,15,99
Dart,/tmp/clone_directory/codes/dart/chapter_tree/binary_search_tree.dart,11,43,99
Kotlin,/tmp/clone_directory/codes/kotlin/chapter_hashing/hash_map_chaining.kt,14,32,99
Ruby,/tmp/clone_directory/codes/ruby/chapter_tree/binary_search_tree.rb,20,42,99
Rust,/tmp/clone_directory/codes/rust/chapter_dynamic_programming/edit_distance.rs,9,37,99
Rust,/tmp/clone_directory/codes/rust/chapter_heap/my_heap.rs,21,45,99
Swift,/tmp/clone_directory/codes/swift/chapter_heap/my_heap.swift,21,43,99
TypeScript,/tmp/clone_directory/codes/typescript/chapter_hashing/hash_map_chaining.ts,15,32,99
C,/tmp/clone_directory/zh-hant/codes/c/chapter_stack_and_queue/array_deque.c,22,38,99
C/C++ Header,/tmp/clone_directory/zh-hant/codes/c/utils/print_util.h,17,15,99
Dart,/tmp/clone_directory/zh-hant/codes/dart/chapter_tree/binary_search_tree.dart,11,43,99
Kotlin,/tmp/clone_directory/zh-hant/codes/kotlin/chapter_hashing/hash_map_chaining.kt,14,32,99
Ruby,/tmp/clone_directory/zh-hant/codes/ruby/chapter_tree/binary_search_tree.rb,20,42,99
Rust,/tmp/clone_directory/zh-hant/codes/rust/chapter_dynamic_programming/edit_distance.rs,9,37,99
Rust,/tmp/clone_directory/zh-hant/codes/rust/chapter_heap/my_heap.rs,21,45,99
Swift,/tmp/clone_directory/zh-hant/codes/swift/chapter_heap/my_heap.swift,21,43,99
TypeScript,/tmp/clone_directory/zh-hant/codes/typescript/chapter_hashing/hash_map_chaining.ts,15,32,99
Go,/tmp/clone_directory/codes/go/chapter_hashing/hash_map_open_addressing.go,12,16,98
Markdown,/tmp/clone_directory/en/CONTRIBUTING.md,31,0,98
Go,/tmp/clone_directory/zh-hant/codes/go/chapter_hashing/hash_map_open_addressing.go,12,16,98
C#,/tmp/clone_directory/codes/csharp/chapter_stack_and_queue/array_deque.cs,20,35,97
Java,/tmp/clone_directory/codes/java/chapter_hashing/array_hash_map.java,19,25,97
JavaScript,/tmp/clone_directory/codes/javascript/chapter_graph/graph_adjacency_list.js,15,29,97
Java,/tmp/clone_directory/en/codes/java/chapter_hashing/array_hash_map.java,19,25,97
C#,/tmp/clone_directory/zh-hant/codes/csharp/chapter_stack_and_queue/array_deque.cs,20,35,97
Java,/tmp/clone_directory/zh-hant/codes/java/chapter_hashing/array_hash_map.java,19,25,97
JavaScript,/tmp/clone_directory/zh-hant/codes/javascript/chapter_graph/graph_adjacency_list.js,15,29,97
Dart,/tmp/clone_directory/codes/dart/chapter_sorting/quick_sort.dart,13,36,96
Go,/tmp/clone_directory/codes/go/chapter_computational_complexity/time_complexity.go,12,22,96
JavaScript,/tmp/clone_directory/codes/javascript/chapter_hashing/hash_map_chaining.js,14,32,96
Rust,/tmp/clone_directory/codes/rust/chapter_graph/graph_adjacency_list.rs,17,29,96
Dart,/tmp/clone_directory/zh-hant/codes/dart/chapter_sorting/quick_sort.dart,13,36,96
Go,/tmp/clone_directory/zh-hant/codes/go/chapter_computational_complexity/time_complexity.go,12,22,96
JavaScript,/tmp/clone_directory/zh-hant/codes/javascript/chapter_hashing/hash_map_chaining.js,14,32,96
Rust,/tmp/clone_directory/zh-hant/codes/rust/chapter_graph/graph_adjacency_list.rs,17,29,96
C,/tmp/clone_directory/codes/c/chapter_computational_complexity/space_complexity.c,16,30,95
Java,/tmp/clone_directory/codes/java/chapter_stack_and_queue/array_deque.java,21,35,95
Kotlin,/tmp/clone_directory/codes/kotlin/chapter_dynamic_programming/edit_distance.kt,11,37,95
TypeScript,/tmp/clone_directory/codes/typescript/chapter_graph/graph_adjacency_list.ts,15,29,95
Java,/tmp/clone_directory/en/codes/java/chapter_stack_and_queue/array_deque.java,21,35,95
C,/tmp/clone_directory/zh-hant/codes/c/chapter_computational_complexity/space_complexity.c,16,30,95
Java,/tmp/clone_directory/zh-hant/codes/java/chapter_stack_and_queue/array_deque.java,21,35,95
Kotlin,/tmp/clone_directory/zh-hant/codes/kotlin/chapter_dynamic_programming/edit_distance.kt,11,37,95
TypeScript,/tmp/clone_directory/zh-hant/codes/typescript/chapter_graph/graph_adjacency_list.ts,15,29,95
C#,/tmp/clone_directory/codes/csharp/chapter_dynamic_programming/edit_distance.cs,11,36,94
C#,/tmp/clone_directory/codes/csharp/chapter_heap/my_heap.cs,22,44,94
C#,/tmp/clone_directory/codes/csharp/utils/PrintUtil.cs,20,18,94
Go,/tmp/clone_directory/codes/go/chapter_stack_and_queue/queue_test.go,25,27,94
Java,/tmp/clone_directory/codes/java/chapter_heap/my_heap.java,22,43,94
Python,/tmp/clone_directory/codes/python/chapter_computational_complexity/time_complexity.py,31,28,94
Swift,/tmp/clone_directory/codes/swift/chapter_tree/array_binary_tree.swift,18,29,94
Zig,/tmp/clone_directory/codes/zig/chapter_stack_and_queue/array_queue.zig,20,26,94
Java,/tmp/clone_directory/en/codes/java/chapter_heap/my_heap.java,22,43,94
Python,/tmp/clone_directory/en/codes/python/chapter_computational_complexity/time_complexity.py,31,26,94
C#,/tmp/clone_directory/zh-hant/codes/csharp/chapter_dynamic_programming/edit_distance.cs,11,36,94
C#,/tmp/clone_directory/zh-hant/codes/csharp/chapter_heap/my_heap.cs,22,44,94
C#,/tmp/clone_directory/zh-hant/codes/csharp/utils/PrintUtil.cs,20,18,94
Java,/tmp/clone_directory/zh-hant/codes/java/chapter_heap/my_heap.java,22,43,94
Python,/tmp/clone_directory/zh-hant/codes/python/chapter_computational_complexity/time_complexity.py,31,28,94
Swift,/tmp/clone_directory/zh-hant/codes/swift/chapter_tree/array_binary_tree.swift,18,29,94
Zig,/tmp/clone_directory/zh-hant/codes/zig/chapter_stack_and_queue/array_queue.zig,20,26,94
C++,/tmp/clone_directory/codes/cpp/chapter_heap/my_heap.cpp,21,41,93
Dart,/tmp/clone_directory/codes/dart/chapter_hashing/hash_map_chaining.dart,14,31,93
Go,/tmp/clone_directory/codes/go/chapter_dynamic_programming/edit_distance.go,6,30,93
Swift,/tmp/clone_directory/codes/swift/chapter_array_and_linkedlist/my_list.swift,17,36,93
Swift,/tmp/clone_directory/codes/swift/chapter_hashing/hash_map_chaining.swift,14,31,93
Swift,/tmp/clone_directory/codes/swift/chapter_stack_and_queue/array_deque.swift,19,36,93
TypeScript,/tmp/clone_directory/codes/typescript/chapter_dynamic_programming/knapsack.ts,10,31,93
C++,/tmp/clone_directory/en/codes/cpp/chapter_heap/my_heap.cpp,21,41,93
C++,/tmp/clone_directory/zh-hant/codes/cpp/chapter_heap/my_heap.cpp,21,41,93
Dart,/tmp/clone_directory/zh-hant/codes/dart/chapter_hashing/hash_map_chaining.dart,14,31,93
Go,/tmp/clone_directory/zh-hant/codes/go/chapter_dynamic_programming/edit_distance.go,6,30,93
Swift,/tmp/clone_directory/zh-hant/codes/swift/chapter_array_and_linkedlist/my_list.swift,17,36,93
Swift,/tmp/clone_directory/zh-hant/codes/swift/chapter_hashing/hash_map_chaining.swift,14,31,93
Swift,/tmp/clone_directory/zh-hant/codes/swift/chapter_stack_and_queue/array_deque.swift,19,36,93
TypeScript,/tmp/clone_directory/zh-hant/codes/typescript/chapter_dynamic_programming/knapsack.ts,10,31,93
C,/tmp/clone_directory/codes/c/chapter_heap/my_heap.c,19,41,92
C#,/tmp/clone_directory/codes/csharp/chapter_hashing/array_hash_map.cs,17,25,92
Go,/tmp/clone_directory/codes/go/chapter_stack_and_queue/deque_test.go,23,26,92
Go,/tmp/clone_directory/codes/go/pkg/print_utils.go,13,13,92
Java,/tmp/clone_directory/codes/java/chapter_dynamic_programming/edit_distance.java,11,36,92
TypeScript,/tmp/clone_directory/codes/typescript/chapter_dynamic_programming/edit_distance.ts,19,37,92
Java,/tmp/clone_directory/en/codes/java/chapter_dynamic_programming/edit_distance.java,11,36,92
C,/tmp/clone_directory/zh-hant/codes/c/chapter_heap/my_heap.c,19,41,92
C#,/tmp/clone_directory/zh-hant/codes/csharp/chapter_hashing/array_hash_map.cs,17,25,92
Go,/tmp/clone_directory/zh-hant/codes/go/chapter_stack_and_queue/deque_test.go,23,26,92
Go,/tmp/clone_directory/zh-hant/codes/go/pkg/print_utils.go,13,13,92
Java,/tmp/clone_directory/zh-hant/codes/java/chapter_dynamic_programming/edit_distance.java,11,36,92
TypeScript,/tmp/clone_directory/zh-hant/codes/typescript/chapter_dynamic_programming/edit_distance.ts,19,37,92
Dart,/tmp/clone_directory/codes/dart/chapter_stack_and_queue/array_deque.dart,19,36,91
Java,/tmp/clone_directory/codes/java/chapter_array_and_linkedlist/my_list.java,19,37,91
JavaScript,/tmp/clone_directory/codes/javascript/chapter_heap/my_heap.js,23,44,91
Kotlin,/tmp/clone_directory/codes/kotlin/chapter_heap/my_heap.kt,22,47,91
Python,/tmp/clone_directory/codes/python/chapter_stack_and_queue/linkedlist_deque.py,24,36,91
Ruby,/tmp/clone_directory/codes/ruby/chapter_hashing/hash_map_open_addressing.rb,15,41,91
TypeScript,/tmp/clone_directory/codes/typescript/chapter_dynamic_programming/min_path_sum.ts,9,32,91
TypeScript,/tmp/clone_directory/codes/typescript/chapter_hashing/array_hash_map.ts,17,26,91
TypeScript,/tmp/clone_directory/codes/typescript/chapter_tree/binary_search_tree.ts,12,43,91
Zig,/tmp/clone_directory/codes/zig/chapter_computational_complexity/space_complexity.zig,10,23,91
Java,/tmp/clone_directory/en/codes/java/chapter_array_and_linkedlist/my_list.java,19,37,91
Python,/tmp/clone_directory/en/codes/python/chapter_stack_and_queue/linkedlist_deque.py,24,36,91
Dart,/tmp/clone_directory/zh-hant/codes/dart/chapter_stack_and_queue/array_deque.dart,19,36,91
Go,/tmp/clone_directory/zh-hant/codes/go/chapter_stack_and_queue/queue_test.go,24,27,91
Java,/tmp/clone_directory/zh-hant/codes/java/chapter_array_and_linkedlist/my_list.java,19,37,91
JavaScript,/tmp/clone_directory/zh-hant/codes/javascript/chapter_heap/my_heap.js,23,44,91
Kotlin,/tmp/clone_directory/zh-hant/codes/kotlin/chapter_heap/my_heap.kt,22,47,91
Python,/tmp/clone_directory/zh-hant/codes/python/chapter_stack_and_queue/linkedlist_deque.py,24,36,91
Ruby,/tmp/clone_directory/zh-hant/codes/ruby/chapter_hashing/hash_map_open_addressing.rb,15,41,91
TypeScript,/tmp/clone_directory/zh-hant/codes/typescript/chapter_dynamic_programming/min_path_sum.ts,9,32,91
TypeScript,/tmp/clone_directory/zh-hant/codes/typescript/chapter_hashing/array_hash_map.ts,17,26,91
TypeScript,/tmp/clone_directory/zh-hant/codes/typescript/chapter_tree/binary_search_tree.ts,12,43,91
Zig,/tmp/clone_directory/zh-hant/codes/zig/chapter_computational_complexity/space_complexity.zig,10,23,91
C,/tmp/clone_directory/codes/c/chapter_dynamic_programming/knapsack.c,12,35,90
C++,/tmp/clone_directory/codes/cpp/chapter_tree/array_binary_tree.cpp,18,29,90
C#,/tmp/clone_directory/codes/csharp/chapter_array_and_linkedlist/my_list.cs,18,36,90
Kotlin,/tmp/clone_directory/codes/kotlin/chapter_stack_and_queue/array_deque.kt,19,36,90
C++,/tmp/clone_directory/en/codes/cpp/chapter_tree/array_binary_tree.cpp,18,29,90
C,/tmp/clone_directory/zh-hant/codes/c/chapter_dynamic_programming/knapsack.c,12,35,90
C++,/tmp/clone_directory/zh-hant/codes/cpp/chapter_tree/array_binary_tree.cpp,18,29,90
C#,/tmp/clone_directory/zh-hant/codes/csharp/chapter_array_and_linkedlist/my_list.cs,18,36,90
Kotlin,/tmp/clone_directory/zh-hant/codes/kotlin/chapter_stack_and_queue/array_deque.kt,19,36,90
Dart,/tmp/clone_directory/codes/dart/chapter_heap/top_k.dart,19,42,89
Java,/tmp/clone_directory/codes/java/chapter_tree/array_binary_tree.java,19,28,89
Kotlin,/tmp/clone_directory/codes/kotlin/chapter_dynamic_programming/min_path_sum.kt,11,32,89
TypeScript,/tmp/clone_directory/codes/typescript/chapter_heap/my_heap.ts,22,44,89
Java,/tmp/clone_directory/en/codes/java/chapter_tree/array_binary_tree.java,19,28,89
Dart,/tmp/clone_directory/zh-hant/codes/dart/chapter_heap/top_k.dart,19,42,89
Java,/tmp/clone_directory/zh-hant/codes/java/chapter_tree/array_binary_tree.java,19,28,89
Kotlin,/tmp/clone_directory/zh-hant/codes/kotlin/chapter_dynamic_programming/min_path_sum.kt,11,32,89
TypeScript,/tmp/clone_directory/zh-hant/codes/typescript/chapter_heap/my_heap.ts,22,44,89
C++,/tmp/clone_directory/codes/cpp/chapter_dynamic_programming/edit_distance.cpp,11,37,88
JavaScript,/tmp/clone_directory/codes/javascript/chapter_hashing/array_hash_map.js,14,26,88
C++,/tmp/clone_directory/en/codes/cpp/chapter_dynamic_programming/edit_distance.cpp,11,37,88
C++,/tmp/clone_directory/zh-hant/codes/cpp/chapter_dynamic_programming/edit_distance.cpp,11,37,88
JavaScript,/tmp/clone_directory/zh-hant/codes/javascript/chapter_hashing/array_hash_map.js,14,26,88
C#,/tmp/clone_directory/codes/csharp/chapter_graph/graph_adjacency_matrix.cs,14,36,87
Dart,/tmp/clone_directory/codes/dart/chapter_heap/my_heap.dart,21,43,87
JavaScript,/tmp/clone_directory/codes/javascript/chapter_array_and_linkedlist/my_list.js,17,37,87
Python,/tmp/clone_directory/codes/python/chapter_tree/binary_search_tree.py,17,42,87
Python,/tmp/clone_directory/en/codes/python/chapter_tree/binary_search_tree.py,17,42,87
C#,/tmp/clone_directory/zh-hant/codes/csharp/chapter_graph/graph_adjacency_matrix.cs,14,36,87
Dart,/tmp/clone_directory/zh-hant/codes/dart/chapter_heap/my_heap.dart,21,43,87
JavaScript,/tmp/clone_directory/zh-hant/codes/javascript/chapter_array_and_linkedlist/my_list.js,17,37,87
Python,/tmp/clone_directory/zh-hant/codes/python/chapter_tree/binary_search_tree.py,17,42,87
Go,/tmp/clone_directory/codes/go/chapter_sorting/quick_sort.go,11,33,86
JavaScript,/tmp/clone_directory/codes/javascript/chapter_tree/binary_search_tree.js,10,43,86
Ruby,/tmp/clone_directory/codes/ruby/chapter_stack_and_queue/array_deque.rb,23,36,86
TypeScript,/tmp/clone_directory/codes/typescript/chapter_array_and_linkedlist/my_list.ts,18,37,86
Zig,/tmp/clone_directory/codes/zig/chapter_stack_and_queue/linkedlist_queue.zig,18,23,86
Go,/tmp/clone_directory/zh-hant/codes/go/chapter_sorting/quick_sort.go,11,33,86
JavaScript,/tmp/clone_directory/zh-hant/codes/javascript/chapter_tree/binary_search_tree.js,10,43,86
Ruby,/tmp/clone_directory/zh-hant/codes/ruby/chapter_stack_and_queue/array_deque.rb,23,36,86
TypeScript,/tmp/clone_directory/zh-hant/codes/typescript/chapter_array_and_linkedlist/my_list.ts,18,37,86
Zig,/tmp/clone_directory/zh-hant/codes/zig/chapter_stack_and_queue/linkedlist_queue.zig,18,23,86
C,/tmp/clone_directory/codes/c/chapter_dynamic_programming/min_path_sum.c,13,36,85
C,/tmp/clone_directory/codes/c/chapter_sorting/quick_sort.c,14,38,85
C#,/tmp/clone_directory/codes/csharp/chapter_dynamic_programming/min_path_sum.cs,11,31,85
C#,/tmp/clone_directory/codes/csharp/chapter_tree/array_binary_tree.cs,17,27,85
Dart,/tmp/clone_directory/codes/dart/chapter_hashing/array_hash_map.dart,16,25,85
Go,/tmp/clone_directory/codes/go/chapter_heap/my_heap.go,19,36,85
Markdown,/tmp/clone_directory/docs/chapter_graph/graph_traversal.md,55,0,85
C,/tmp/clone_directory/zh-hant/codes/c/chapter_dynamic_programming/min_path_sum.c,13,36,85
C,/tmp/clone_directory/zh-hant/codes/c/chapter_sorting/quick_sort.c,14,38,85
C#,/tmp/clone_directory/zh-hant/codes/csharp/chapter_dynamic_programming/min_path_sum.cs,11,31,85
C#,/tmp/clone_directory/zh-hant/codes/csharp/chapter_tree/array_binary_tree.cs,17,27,85
Dart,/tmp/clone_directory/zh-hant/codes/dart/chapter_hashing/array_hash_map.dart,16,25,85
Go,/tmp/clone_directory/zh-hant/codes/go/chapter_heap/my_heap.go,19,36,85
Markdown,/tmp/clone_directory/zh-hant/docs/chapter_graph/graph_traversal.md,55,0,85
Kotlin,/tmp/clone_directory/codes/kotlin/chapter_array_and_linkedlist/my_list.kt,18,37,84
Kotlin,/tmp/clone_directory/codes/kotlin/chapter_hashing/array_hash_map.kt,16,26,84
Ruby,/tmp/clone_directory/codes/ruby/chapter_hashing/hash_map_chaining.rb,13,31,84
Kotlin,/tmp/clone_directory/zh-hant/codes/kotlin/chapter_array_and_linkedlist/my_list.kt,18,37,84
Kotlin,/tmp/clone_directory/zh-hant/codes/kotlin/chapter_hashing/array_hash_map.kt,16,26,84
Ruby,/tmp/clone_directory/zh-hant/codes/ruby/chapter_hashing/hash_map_chaining.rb,13,31,84
Java,/tmp/clone_directory/codes/java/chapter_dynamic_programming/min_path_sum.java,11,31,83
Kotlin,/tmp/clone_directory/codes/kotlin/chapter_dynamic_programming/knapsack.kt,11,31,83
Rust,/tmp/clone_directory/codes/rust/chapter_hashing/array_hash_map.rs,16,25,83
Rust,/tmp/clone_directory/codes/rust/chapter_stack_and_queue/array_queue.rs,16,26,83
Rust,/tmp/clone_directory/codes/rust/chapter_stack_and_queue/linkedlist_queue.rs,16,22,83
Java,/tmp/clone_directory/en/codes/java/chapter_dynamic_programming/min_path_sum.java,11,31,83
Markdown,/tmp/clone_directory/en/docs/chapter_graph/graph_traversal.md,53,0,83
Java,/tmp/clone_directory/zh-hant/codes/java/chapter_dynamic_programming/min_path_sum.java,11,31,83
Kotlin,/tmp/clone_directory/zh-hant/codes/kotlin/chapter_dynamic_programming/knapsack.kt,11,31,83
Rust,/tmp/clone_directory/zh-hant/codes/rust/chapter_hashing/array_hash_map.rs,16,25,83
Rust,/tmp/clone_directory/zh-hant/codes/rust/chapter_stack_and_queue/array_queue.rs,16,26,83
Rust,/tmp/clone_directory/zh-hant/codes/rust/chapter_stack_and_queue/linkedlist_queue.rs,16,22,83
C,/tmp/clone_directory/codes/c/chapter_stack_and_queue/linkedlist_queue.c,18,28,82
Dart,/tmp/clone_directory/codes/dart/chapter_graph/graph_adjacency_list.dart,14,28,82
Dart,/tmp/clone_directory/codes/dart/chapter_graph/graph_adjacency_matrix.dart,14,37,82
Go,/tmp/clone_directory/codes/go/chapter_stack_and_queue/stack_test.go,22,26,82
Kotlin,/tmp/clone_directory/codes/kotlin/chapter_graph/graph_adjacency_matrix.kt,15,37,82
Kotlin,/tmp/clone_directory/codes/kotlin/chapter_tree/array_binary_tree.kt,17,28,82
Rust,/tmp/clone_directory/codes/rust/chapter_graph/graph_adjacency_matrix.rs,14,40,82
Swift,/tmp/clone_directory/codes/swift/chapter_dynamic_programming/min_path_sum.swift,9,32,82
TypeScript,/tmp/clone_directory/codes/typescript/chapter_graph/graph_adjacency_matrix.ts,15,37,82
C,/tmp/clone_directory/zh-hant/codes/c/chapter_stack_and_queue/linkedlist_queue.c,18,28,82
Dart,/tmp/clone_directory/zh-hant/codes/dart/chapter_graph/graph_adjacency_list.dart,14,28,82
Dart,/tmp/clone_directory/zh-hant/codes/dart/chapter_graph/graph_adjacency_matrix.dart,14,37,82
Go,/tmp/clone_directory/zh-hant/codes/go/chapter_stack_and_queue/stack_test.go,22,26,82
Kotlin,/tmp/clone_directory/zh-hant/codes/kotlin/chapter_graph/graph_adjacency_matrix.kt,15,37,82
Kotlin,/tmp/clone_directory/zh-hant/codes/kotlin/chapter_tree/array_binary_tree.kt,17,28,82
Rust,/tmp/clone_directory/zh-hant/codes/rust/chapter_graph/graph_adjacency_matrix.rs,14,40,82
Swift,/tmp/clone_directory/zh-hant/codes/swift/chapter_dynamic_programming/min_path_sum.swift,9,32,82
TypeScript,/tmp/clone_directory/zh-hant/codes/typescript/chapter_graph/graph_adjacency_matrix.ts,15,37,82
C++,/tmp/clone_directory/codes/cpp/chapter_stack_and_queue/array_queue.cpp,20,28,81
Go,/tmp/clone_directory/codes/go/chapter_stack_and_queue/array_deque.go,14,26,81
Java,/tmp/clone_directory/codes/java/utils/PrintUtil.java,19,16,81
JavaScript,/tmp/clone_directory/codes/javascript/chapter_dynamic_programming/edit_distance.js,18,36,81
JavaScript,/tmp/clone_directory/codes/javascript/chapter_dynamic_programming/min_path_sum.js,8,32,81
JavaScript,/tmp/clone_directory/codes/javascript/chapter_graph/graph_adjacency_matrix.js,14,37,81
Kotlin,/tmp/clone_directory/codes/kotlin/chapter_sorting/quick_sort.kt,11,29,81
Ruby,/tmp/clone_directory/codes/ruby/chapter_heap/my_heap.rb,23,43,81
Zig,/tmp/clone_directory/codes/zig/chapter_dynamic_programming/min_path_sum.zig,11,30,81
C++,/tmp/clone_directory/en/codes/cpp/chapter_stack_and_queue/array_queue.cpp,20,28,81
Java,/tmp/clone_directory/en/codes/java/utils/PrintUtil.java,19,16,81
C++,/tmp/clone_directory/zh-hant/codes/cpp/chapter_stack_and_queue/array_queue.cpp,20,28,81
Java,/tmp/clone_directory/zh-hant/codes/java/utils/PrintUtil.java,19,16,81
JavaScript,/tmp/clone_directory/zh-hant/codes/javascript/chapter_dynamic_programming/edit_distance.js,18,36,81
JavaScript,/tmp/clone_directory/zh-hant/codes/javascript/chapter_dynamic_programming/min_path_sum.js,8,32,81
JavaScript,/tmp/clone_directory/zh-hant/codes/javascript/chapter_graph/graph_adjacency_matrix.js,14,37,81
Kotlin,/tmp/clone_directory/zh-hant/codes/kotlin/chapter_sorting/quick_sort.kt,11,29,81
Ruby,/tmp/clone_directory/zh-hant/codes/ruby/chapter_heap/my_heap.rb,23,43,81
Zig,/tmp/clone_directory/zh-hant/codes/zig/chapter_dynamic_programming/min_path_sum.zig,11,30,81
C#,/tmp/clone_directory/codes/csharp/chapter_graph/graph_adjacency_list.cs,14,28,80
Java,/tmp/clone_directory/codes/java/chapter_graph/graph_adjacency_matrix.java,15,36,80
Rust,/tmp/clone_directory/codes/rust/chapter_computational_complexity/space_complexity.rs,10,27,80
Java,/tmp/clone_directory/en/codes/java/chapter_graph/graph_adjacency_matrix.java,15,36,80
C#,/tmp/clone_directory/zh-hant/codes/csharp/chapter_graph/graph_adjacency_list.cs,14,28,80
Java,/tmp/clone_directory/zh-hant/codes/java/chapter_graph/graph_adjacency_matrix.java,15,36,80
Rust,/tmp/clone_directory/zh-hant/codes/rust/chapter_computational_complexity/space_complexity.rs,10,27,80
Python,/tmp/clone_directory/codes/python/chapter_hashing/hash_map_open_addressing.py,18,41,79
Rust,/tmp/clone_directory/codes/rust/chapter_dynamic_programming/min_path_sum.rs,9,32,79
Swift,/tmp/clone_directory/codes/swift/chapter_graph/graph_adjacency_matrix.swift,14,37,79
Zig,/tmp/clone_directory/codes/zig/chapter_stack_and_queue/linkedlist_stack.zig,19,20,79
Python,/tmp/clone_directory/en/codes/python/chapter_hashing/hash_map_open_addressing.py,18,41,79
Python,/tmp/clone_directory/zh-hant/codes/python/chapter_hashing/hash_map_open_addressing.py,18,41,79
Rust,/tmp/clone_directory/zh-hant/codes/rust/chapter_dynamic_programming/min_path_sum.rs,9,32,79
Swift,/tmp/clone_directory/zh-hant/codes/swift/chapter_graph/graph_adjacency_matrix.swift,14,37,79
Zig,/tmp/clone_directory/zh-hant/codes/zig/chapter_stack_and_queue/linkedlist_stack.zig,19,20,79
Dart,/tmp/clone_directory/codes/dart/chapter_array_and_linkedlist/my_list.dart,17,37,78
Dart,/tmp/clone_directory/codes/dart/chapter_dynamic_programming/edit_distance.dart,10,37,78
Markdown,/tmp/clone_directory/docs/chapter_dynamic_programming/edit_distance_problem.md,51,0,78
Markdown,/tmp/clone_directory/docs/chapter_tree/binary_search_tree.md,51,0,78
Markdown,/tmp/clone_directory/en/docs/chapter_dynamic_programming/edit_distance_problem.md,51,0,78
Markdown,/tmp/clone_directory/en/docs/chapter_tree/binary_search_tree.md,51,0,78
Dart,/tmp/clone_directory/zh-hant/codes/dart/chapter_array_and_linkedlist/my_list.dart,17,37,78
Dart,/tmp/clone_directory/zh-hant/codes/dart/chapter_dynamic_programming/edit_distance.dart,10,37,78
Markdown,/tmp/clone_directory/zh-hant/docs/chapter_dynamic_programming/edit_distance_problem.md,51,0,78
Markdown,/tmp/clone_directory/zh-hant/docs/chapter_tree/binary_search_tree.md,51,0,78
C,/tmp/clone_directory/codes/c/chapter_graph/graph_bfs.c,12,27,77
C++,/tmp/clone_directory/codes/cpp/chapter_hashing/array_hash_map.cpp,14,19,77
C#,/tmp/clone_directory/codes/csharp/chapter_dynamic_programming/knapsack.cs,10,31,77
Dart,/tmp/clone_directory/codes/dart/chapter_dynamic_programming/min_path_sum.dart,10,33,77
Kotlin,/tmp/clone_directory/codes/kotlin/chapter_graph/graph_adjacency_list.kt,15,29,77
Ruby,/tmp/clone_directory/codes/ruby/chapter_tree/array_binary_tree.rb,19,28,77
Rust,/tmp/clone_directory/codes/rust/include/print_util.rs,14,12,77
C++,/tmp/clone_directory/en/codes/cpp/chapter_hashing/array_hash_map.cpp,14,19,77
C,/tmp/clone_directory/zh-hant/codes/c/chapter_graph/graph_bfs.c,12,27,77
C++,/tmp/clone_directory/zh-hant/codes/cpp/chapter_hashing/array_hash_map.cpp,14,19,77
C#,/tmp/clone_directory/zh-hant/codes/csharp/chapter_dynamic_programming/knapsack.cs,10,31,77
Dart,/tmp/clone_directory/zh-hant/codes/dart/chapter_dynamic_programming/min_path_sum.dart,10,33,77
Kotlin,/tmp/clone_directory/zh-hant/codes/kotlin/chapter_graph/graph_adjacency_list.kt,15,29,77
Ruby,/tmp/clone_directory/zh-hant/codes/ruby/chapter_tree/array_binary_tree.rb,19,28,77
Rust,/tmp/clone_directory/zh-hant/codes/rust/include/print_util.rs,14,12,77
C++,/tmp/clone_directory/codes/cpp/chapter_stack_and_queue/linkedlist_queue.cpp,18,26,76
Swift,/tmp/clone_directory/codes/swift/chapter_graph/graph_adjacency_list_target.swift,16,29,76
Swift,/tmp/clone_directory/codes/swift/chapter_sorting/quick_sort.swift,9,29,76
C++,/tmp/clone_directory/en/codes/cpp/chapter_stack_and_queue/linkedlist_queue.cpp,18,26,76
C++,/tmp/clone_directory/zh-hant/codes/cpp/chapter_stack_and_queue/linkedlist_queue.cpp,18,26,76
Swift,/tmp/clone_directory/zh-hant/codes/swift/chapter_graph/graph_adjacency_list_target.swift,16,29,76
Swift,/tmp/clone_directory/zh-hant/codes/swift/chapter_sorting/quick_sort.swift,9,29,76
C++,/tmp/clone_directory/codes/cpp/chapter_graph/graph_adjacency_matrix.cpp,15,37,75
Dart,/tmp/clone_directory/codes/dart/chapter_dynamic_programming/knapsack.dart,10,31,75
Ruby,/tmp/clone_directory/codes/ruby/chapter_hashing/array_hash_map.rb,19,27,75
C++,/tmp/clone_directory/en/codes/cpp/chapter_graph/graph_adjacency_matrix.cpp,15,37,75
C++,/tmp/clone_directory/zh-hant/codes/cpp/chapter_graph/graph_adjacency_matrix.cpp,15,37,75
Dart,/tmp/clone_directory/zh-hant/codes/dart/chapter_dynamic_programming/knapsack.dart,10,31,75
Go,/tmp/clone_directory/zh-hant/codes/go/chapter_stack_and_queue/array_deque.go,14,26,75
Ruby,/tmp/clone_directory/zh-hant/codes/ruby/chapter_hashing/array_hash_map.rb,19,27,75
C,/tmp/clone_directory/codes/c/chapter_stack_and_queue/array_queue.c,19,28,74
Go,/tmp/clone_directory/codes/go/chapter_computational_complexity/space_complexity.go,12,20,74
Java,/tmp/clone_directory/codes/java/chapter_dynamic_programming/knapsack.java,12,30,74
Java,/tmp/clone_directory/codes/java/chapter_graph/graph_adjacency_list.java,15,28,74
Kotlin,/tmp/clone_directory/codes/kotlin/utils/PrintUtil.kt,17,16,74
Ruby,/tmp/clone_directory/codes/ruby/chapter_array_and_linkedlist/my_list.rb,23,35,74
Java,/tmp/clone_directory/en/codes/java/chapter_dynamic_programming/knapsack.java,12,30,74
Java,/tmp/clone_directory/en/codes/java/chapter_graph/graph_adjacency_list.java,15,28,74
C,/tmp/clone_directory/zh-hant/codes/c/chapter_stack_and_queue/array_queue.c,19,28,74
Go,/tmp/clone_directory/zh-hant/codes/go/chapter_computational_complexity/space_complexity.go,12,20,74
Java,/tmp/clone_directory/zh-hant/codes/java/chapter_dynamic_programming/knapsack.java,12,30,74
Java,/tmp/clone_directory/zh-hant/codes/java/chapter_graph/graph_adjacency_list.java,15,28,74
Kotlin,/tmp/clone_directory/zh-hant/codes/kotlin/utils/PrintUtil.kt,17,16,74
Ruby,/tmp/clone_directory/zh-hant/codes/ruby/chapter_array_and_linkedlist/my_list.rb,23,35,74
C++,/tmp/clone_directory/codes/cpp/chapter_dynamic_programming/min_path_sum.cpp,11,32,73
Java,/tmp/clone_directory/codes/java/chapter_computational_complexity/space_complexity.java,10,27,73
JavaScript,/tmp/clone_directory/codes/javascript/chapter_dynamic_programming/knapsack.js,9,31,73
Python,/tmp/clone_directory/codes/python/chapter_sorting/quick_sort.py,17,39,73
Rust,/tmp/clone_directory/codes/rust/chapter_dynamic_programming/knapsack.rs,9,31,73
Rust,/tmp/clone_directory/codes/rust/chapter_stack_and_queue/linkedlist_stack.rs,16,19,73
C++,/tmp/clone_directory/en/codes/cpp/chapter_dynamic_programming/min_path_sum.cpp,11,32,73
Java,/tmp/clone_directory/en/codes/java/chapter_computational_complexity/space_complexity.java,10,27,73
Python,/tmp/clone_directory/en/codes/python/chapter_sorting/quick_sort.py,17,39,73
C++,/tmp/clone_directory/zh-hant/codes/cpp/chapter_dynamic_programming/min_path_sum.cpp,11,32,73
Java,/tmp/clone_directory/zh-hant/codes/java/chapter_computational_complexity/space_complexity.java,10,27,73
JavaScript,/tmp/clone_directory/zh-hant/codes/javascript/chapter_dynamic_programming/knapsack.js,9,31,73
Python,/tmp/clone_directory/zh-hant/codes/python/chapter_sorting/quick_sort.py,17,39,73
Rust,/tmp/clone_directory/zh-hant/codes/rust/chapter_dynamic_programming/knapsack.rs,9,31,73
Rust,/tmp/clone_directory/zh-hant/codes/rust/chapter_stack_and_queue/linkedlist_stack.rs,16,19,73
C++,/tmp/clone_directory/codes/cpp/chapter_dynamic_programming/knapsack.cpp,11,26,72
C#,/tmp/clone_directory/codes/csharp/chapter_stack_and_queue/array_queue.cs,17,25,72
Java,/tmp/clone_directory/codes/java/chapter_stack_and_queue/array_queue.java,18,25,72
Kotlin,/tmp/clone_directory/codes/kotlin/chapter_computational_complexity/space_complexity.kt,10,27,72
Python,/tmp/clone_directory/codes/python/chapter_dynamic_programming/edit_distance.py,14,37,72
Python,/tmp/clone_directory/codes/python/chapter_stack_and_queue/array_deque.py,21,36,72
Swift,/tmp/clone_directory/codes/swift/utils/PrintUtil.swift,16,5,72
C++,/tmp/clone_directory/en/codes/cpp/chapter_dynamic_programming/knapsack.cpp,11,26,72
Java,/tmp/clone_directory/en/codes/java/chapter_stack_and_queue/array_queue.java,18,25,72
Python,/tmp/clone_directory/en/codes/python/chapter_dynamic_programming/edit_distance.py,14,37,72
Python,/tmp/clone_directory/en/codes/python/chapter_stack_and_queue/array_deque.py,21,36,72
C++,/tmp/clone_directory/zh-hant/codes/cpp/chapter_dynamic_programming/knapsack.cpp,11,26,72
C#,/tmp/clone_directory/zh-hant/codes/csharp/chapter_stack_and_queue/array_queue.cs,17,25,72
Java,/tmp/clone_directory/zh-hant/codes/java/chapter_stack_and_queue/array_queue.java,18,25,72
Kotlin,/tmp/clone_directory/zh-hant/codes/kotlin/chapter_computational_complexity/space_complexity.kt,10,27,72
Python,/tmp/clone_directory/zh-hant/codes/python/chapter_dynamic_programming/edit_distance.py,14,37,72
Python,/tmp/clone_directory/zh-hant/codes/python/chapter_stack_and_queue/array_deque.py,21,36,72
Swift,/tmp/clone_directory/zh-hant/codes/swift/utils/PrintUtil.swift,16,5,72
Go,/tmp/clone_directory/codes/go/chapter_array_and_linkedlist/my_list.go,12,26,71
Go,/tmp/clone_directory/codes/go/chapter_graph/graph_adjacency_list.go,11,18,71
Python,/tmp/clone_directory/codes/python/chapter_tree/array_binary_tree.py,20,28,71
Zig,/tmp/clone_directory/codes/zig/chapter_array_and_linkedlist/array.zig,18,28,71
Python,/tmp/clone_directory/en/codes/python/chapter_tree/array_binary_tree.py,20,28,71
Go,/tmp/clone_directory/zh-hant/codes/go/chapter_array_and_linkedlist/my_list.go,12,26,71
Go,/tmp/clone_directory/zh-hant/codes/go/chapter_graph/graph_adjacency_list.go,11,18,71
Python,/tmp/clone_directory/zh-hant/codes/python/chapter_tree/array_binary_tree.py,20,28,71
Zig,/tmp/clone_directory/zh-hant/codes/zig/build.zig,50,100,71
Zig,/tmp/clone_directory/zh-hant/codes/zig/chapter_array_and_linkedlist/array.zig,18,28,71
C++,/tmp/clone_directory/codes/cpp/chapter_computational_complexity/space_complexity.cpp,11,26,70
C#,/tmp/clone_directory/codes/csharp/chapter_computational_complexity/space_complexity.cs,9,25,70
Python,/tmp/clone_directory/codes/python/chapter_hashing/hash_map_chaining.py,17,31,70
Python,/tmp/clone_directory/codes/python/chapter_heap/my_heap.py,24,43,70
Ruby,/tmp/clone_directory/codes/ruby/chapter_dynamic_programming/edit_distance.rb,9,36,70
Ruby,/tmp/clone_directory/codes/ruby/chapter_graph/graph_adjacency_list.rb,18,28,70
Swift,/tmp/clone_directory/codes/swift/chapter_dynamic_programming/knapsack.swift,9,31,70
Swift,/tmp/clone_directory/codes/swift/chapter_stack_and_queue/array_queue.swift,16,27,70
Zig,/tmp/clone_directory/codes/zig/chapter_dynamic_programming/knapsack.zig,11,29,70
C++,/tmp/clone_directory/en/codes/cpp/chapter_computational_complexity/space_complexity.cpp,11,26,70
Python,/tmp/clone_directory/en/codes/python/chapter_hashing/hash_map_chaining.py,17,31,70
Python,/tmp/clone_directory/en/codes/python/chapter_heap/my_heap.py,24,43,70
C++,/tmp/clone_directory/zh-hant/codes/cpp/chapter_computational_complexity/space_complexity.cpp,11,26,70
INI,/tmp/clone_directory/zh-hant/codes/csharp/.editorconfig,18,0,70
C#,/tmp/clone_directory/zh-hant/codes/csharp/chapter_computational_complexity/space_complexity.cs,9,25,70
Python,/tmp/clone_directory/zh-hant/codes/python/chapter_hashing/hash_map_chaining.py,17,31,70
Python,/tmp/clone_directory/zh-hant/codes/python/chapter_heap/my_heap.py,24,43,70
Ruby,/tmp/clone_directory/zh-hant/codes/ruby/chapter_dynamic_programming/edit_distance.rb,9,36,70
Ruby,/tmp/clone_directory/zh-hant/codes/ruby/chapter_graph/graph_adjacency_list.rb,18,28,70
Swift,/tmp/clone_directory/zh-hant/codes/swift/chapter_dynamic_programming/knapsack.swift,9,31,70
Swift,/tmp/clone_directory/zh-hant/codes/swift/chapter_stack_and_queue/array_queue.swift,16,27,70
Zig,/tmp/clone_directory/zh-hant/codes/zig/chapter_dynamic_programming/knapsack.zig,11,29,70
C,/tmp/clone_directory/codes/c/chapter_backtracking/n_queens.c,9,17,69
C++,/tmp/clone_directory/codes/cpp/chapter_stack_and_queue/linkedlist_stack.cpp,18,22,69
Dart,/tmp/clone_directory/codes/dart/chapter_computational_complexity/space_complexity.dart,10,27,69
Swift,/tmp/clone_directory/codes/swift/chapter_hashing/array_hash_map.swift,16,25,69
Swift,/tmp/clone_directory/codes/swift/chapter_stack_and_queue/linkedlist_queue.swift,15,23,69
C++,/tmp/clone_directory/en/codes/cpp/chapter_stack_and_queue/linkedlist_stack.cpp,18,22,69
Markdown,/tmp/clone_directory/zh-hant/README.md,21,0,69
C,/tmp/clone_directory/zh-hant/codes/c/chapter_backtracking/n_queens.c,9,17,69
C++,/tmp/clone_directory/zh-hant/codes/cpp/chapter_stack_and_queue/linkedlist_stack.cpp,18,22,69
Dart,/tmp/clone_directory/zh-hant/codes/dart/chapter_computational_complexity/space_complexity.dart,10,27,69
Swift,/tmp/clone_directory/zh-hant/codes/swift/chapter_hashing/array_hash_map.swift,16,25,69
Swift,/tmp/clone_directory/zh-hant/codes/swift/chapter_stack_and_queue/linkedlist_queue.swift,15,23,69
Markdown,/tmp/clone_directory/README.md,20,0,68
C#,/tmp/clone_directory/codes/csharp/chapter_stack_and_queue/linkedlist_queue.cs,16,22,68
Dart,/tmp/clone_directory/codes/dart/chapter_stack_and_queue/array_queue.dart,16,26,68
Go,/tmp/clone_directory/codes/go/chapter_hashing/array_hash_map.go,13,16,68
JavaScript,/tmp/clone_directory/codes/javascript/chapter_computational_complexity/space_complexity.js,9,26,68
Kotlin,/tmp/clone_directory/codes/kotlin/chapter_stack_and_queue/array_queue.kt,16,26,68
Python,/tmp/clone_directory/codes/python/chapter_hashing/array_hash_map.py,22,27,68
TypeScript,/tmp/clone_directory/codes/typescript/chapter_computational_complexity/space_complexity.ts,9,26,68
Markdown,/tmp/clone_directory/en/README.md,21,0,68
Python,/tmp/clone_directory/en/codes/python/chapter_hashing/array_hash_map.py,22,27,68
C#,/tmp/clone_directory/zh-hant/codes/csharp/chapter_stack_and_queue/linkedlist_queue.cs,16,22,68
Dart,/tmp/clone_directory/zh-hant/codes/dart/chapter_stack_and_queue/array_queue.dart,16,26,68
Go,/tmp/clone_directory/zh-hant/codes/go/chapter_hashing/array_hash_map.go,13,16,68
JavaScript,/tmp/clone_directory/zh-hant/codes/javascript/chapter_computational_complexity/space_complexity.js,9,26,68
Kotlin,/tmp/clone_directory/zh-hant/codes/kotlin/chapter_stack_and_queue/array_queue.kt,16,26,68
Python,/tmp/clone_directory/zh-hant/codes/python/chapter_hashing/array_hash_map.py,22,27,68
TypeScript,/tmp/clone_directory/zh-hant/codes/typescript/chapter_computational_complexity/space_complexity.ts,9,26,68
C,/tmp/clone_directory/codes/c/chapter_array_and_linkedlist/array.c,16,31,67
C,/tmp/clone_directory/codes/c/chapter_stack_and_queue/linkedlist_stack.c,18,22,67
Go,/tmp/clone_directory/codes/go/chapter_tree/array_binary_tree.go,13,21,67
C,/tmp/clone_directory/zh-hant/codes/c/chapter_array_and_linkedlist/array.c,16,31,67
C,/tmp/clone_directory/zh-hant/codes/c/chapter_stack_and_queue/linkedlist_stack.c,18,22,67
Go,/tmp/clone_directory/zh-hant/codes/go/chapter_tree/array_binary_tree.go,13,21,67
C++,/tmp/clone_directory/codes/cpp/chapter_array_and_linkedlist/array.cpp,17,30,66
Java,/tmp/clone_directory/codes/java/chapter_stack_and_queue/linkedlist_queue.java,16,22,66
TypeScript,/tmp/clone_directory/codes/typescript/chapter_stack_and_queue/array_queue.ts,17,26,66
C++,/tmp/clone_directory/en/codes/cpp/chapter_array_and_linkedlist/array.cpp,17,30,66
Java,/tmp/clone_directory/en/codes/java/chapter_stack_and_queue/linkedlist_queue.java,16,22,66
C++,/tmp/clone_directory/zh-hant/codes/cpp/chapter_array_and_linkedlist/array.cpp,17,30,66
Java,/tmp/clone_directory/zh-hant/codes/java/chapter_stack_and_queue/linkedlist_queue.java,16,22,66
TypeScript,/tmp/clone_directory/zh-hant/codes/typescript/chapter_stack_and_queue/array_queue.ts,17,26,66
C/C++ Header,/tmp/clone_directory/codes/c/utils/tree_node.h,15,27,65
Dart,/tmp/clone_directory/codes/dart/chapter_stack_and_queue/linkedlist_queue.dart,15,23,65
Go,/tmp/clone_directory/codes/go/chapter_backtracking/preorder_traversal_test.go,15,11,65
Python,/tmp/clone_directory/codes/python/chapter_graph/graph_adjacency_list.py,17,29,65
Rust,/tmp/clone_directory/codes/rust/chapter_backtracking/n_queens.rs,6,16,65
Python,/tmp/clone_directory/en/codes/python/chapter_graph/graph_adjacency_list.py,17,29,65
C/C++ Header,/tmp/clone_directory/zh-hant/codes/c/utils/tree_node.h,15,27,65
Dart,/tmp/clone_directory/zh-hant/codes/dart/chapter_stack_and_queue/linkedlist_queue.dart,15,23,65
Go,/tmp/clone_directory/zh-hant/codes/go/chapter_backtracking/preorder_traversal_test.go,15,11,65
Python,/tmp/clone_directory/zh-hant/codes/python/chapter_graph/graph_adjacency_list.py,17,29,65
Rust,/tmp/clone_directory/zh-hant/codes/rust/chapter_backtracking/n_queens.rs,6,16,65
C#,/tmp/clone_directory/codes/csharp/chapter_array_and_linkedlist/array.cs,16,27,64
Go,/tmp/clone_directory/codes/go/chapter_graph/graph_adjacency_matrix.go,10,28,64
JavaScript,/tmp/clone_directory/codes/javascript/chapter_stack_and_queue/array_queue.js,16,26,64
Python,/tmp/clone_directory/codes/python/chapter_array_and_linkedlist/my_list.py,19,35,64
Rust,/tmp/clone_directory/codes/rust/chapter_array_and_linkedlist/array.rs,15,33,64
Swift,/tmp/clone_directory/codes/swift/chapter_array_and_linkedlist/array.swift,13,30,64
TypeScript,/tmp/clone_directory/codes/typescript/modules/PrintUtil.ts,16,13,64
Markdown,/tmp/clone_directory/docs/chapter_dynamic_programming/intro_to_dynamic_programming.md,46,0,64
Python,/tmp/clone_directory/en/codes/python/chapter_array_and_linkedlist/my_list.py,19,35,64
Markdown,/tmp/clone_directory/en/docs/chapter_dynamic_programming/intro_to_dynamic_programming.md,46,0,64
C#,/tmp/clone_directory/zh-hant/codes/csharp/chapter_array_and_linkedlist/array.cs,16,27,64
Go,/tmp/clone_directory/zh-hant/codes/go/chapter_graph/graph_adjacency_matrix.go,10,28,64
JavaScript,/tmp/clone_directory/zh-hant/codes/javascript/chapter_stack_and_queue/array_queue.js,16,26,64
Python,/tmp/clone_directory/zh-hant/codes/python/chapter_array_and_linkedlist/my_list.py,19,35,64
Rust,/tmp/clone_directory/zh-hant/codes/rust/chapter_array_and_linkedlist/array.rs,15,33,64
Swift,/tmp/clone_directory/zh-hant/codes/swift/chapter_array_and_linkedlist/array.swift,13,30,64
TypeScript,/tmp/clone_directory/zh-hant/codes/typescript/modules/PrintUtil.ts,16,13,64
Markdown,/tmp/clone_directory/zh-hant/docs/chapter_dynamic_programming/intro_to_dynamic_programming.md,46,0,64
C,/tmp/clone_directory/codes/c/chapter_stack_and_queue/array_stack.c,18,22,63
C#,/tmp/clone_directory/codes/csharp/chapter_stack_and_queue/linkedlist_stack.cs,16,18,63
Go,/tmp/clone_directory/codes/go/chapter_dynamic_programming/min_path_sum.go,6,25,63
Go,/tmp/clone_directory/codes/go/chapter_heap/heap_test.go,17,21,63
Ruby,/tmp/clone_directory/codes/ruby/chapter_graph/graph_adjacency_matrix.rb,14,39,63
Swift,/tmp/clone_directory/codes/swift/chapter_computational_complexity/space_complexity.swift,9,26,63
TypeScript,/tmp/clone_directory/codes/typescript/chapter_stack_and_queue/linkedlist_queue.ts,16,23,63
Markdown,/tmp/clone_directory/docs/chapter_sorting/quick_sort.md,37,0,63
Markdown,/tmp/clone_directory/en/docs/chapter_sorting/quick_sort.md,37,0,63
HTML,/tmp/clone_directory/overrides/partials/content.html,8,9,63
C,/tmp/clone_directory/zh-hant/codes/c/chapter_stack_and_queue/array_stack.c,18,22,63
C#,/tmp/clone_directory/zh-hant/codes/csharp/chapter_stack_and_queue/linkedlist_stack.cs,16,18,63
Go,/tmp/clone_directory/zh-hant/codes/go/chapter_dynamic_programming/min_path_sum.go,6,25,63
Go,/tmp/clone_directory/zh-hant/codes/go/chapter_heap/heap_test.go,17,21,63
Ruby,/tmp/clone_directory/zh-hant/codes/ruby/chapter_graph/graph_adjacency_matrix.rb,14,39,63
Swift,/tmp/clone_directory/zh-hant/codes/swift/chapter_computational_complexity/space_complexity.swift,9,26,63
TypeScript,/tmp/clone_directory/zh-hant/codes/typescript/chapter_stack_and_queue/linkedlist_queue.ts,16,23,63
Markdown,/tmp/clone_directory/zh-hant/docs/chapter_sorting/quick_sort.md,37,0,63
C,/tmp/clone_directory/codes/c/chapter_searching/two_sum.c,9,15,62
Kotlin,/tmp/clone_directory/codes/kotlin/chapter_backtracking/n_queens.kt,7,16,62
Ruby,/tmp/clone_directory/codes/ruby/chapter_stack_and_queue/array_queue.rb,19,26,62
Rust,/tmp/clone_directory/codes/rust/chapter_array_and_linkedlist/linked_list.rs,12,18,62
Swift,/tmp/clone_directory/codes/swift/chapter_array_and_linkedlist/linked_list.swift,10,18,62
Swift,/tmp/clone_directory/codes/swift/chapter_stack_and_queue/linkedlist_stack.swift,15,19,62
Markdown,/tmp/clone_directory/docs/chapter_hashing/hash_collision.md,46,0,62
Markdown,/tmp/clone_directory/en/docs/chapter_hashing/hash_collision.md,46,0,62
C,/tmp/clone_directory/zh-hant/codes/c/chapter_searching/two_sum.c,9,15,62
Kotlin,/tmp/clone_directory/zh-hant/codes/kotlin/chapter_backtracking/n_queens.kt,7,16,62
Ruby,/tmp/clone_directory/zh-hant/codes/ruby/chapter_stack_and_queue/array_queue.rb,19,26,62
Rust,/tmp/clone_directory/zh-hant/codes/rust/chapter_array_and_linkedlist/linked_list.rs,12,18,62
Swift,/tmp/clone_directory/zh-hant/codes/swift/chapter_array_and_linkedlist/linked_list.swift,10,18,62
Swift,/tmp/clone_directory/zh-hant/codes/swift/chapter_stack_and_queue/linkedlist_stack.swift,15,19,62
Markdown,/tmp/clone_directory/zh-hant/docs/chapter_hashing/hash_collision.md,46,0,62
C,/tmp/clone_directory/codes/c/chapter_dynamic_programming/coin_change.c,9,22,61
Java,/tmp/clone_directory/codes/java/chapter_array_and_linkedlist/array.java,15,29,61
Java,/tmp/clone_directory/codes/java/chapter_stack_and_queue/linkedlist_stack.java,16,18,61
JavaScript,/tmp/clone_directory/codes/javascript/chapter_stack_and_queue/linkedlist_queue.js,15,23,61
Markdown,/tmp/clone_directory/docs/chapter_divide_and_conquer/build_binary_tree_problem.md,38,0,61
Java,/tmp/clone_directory/en/codes/java/chapter_array_and_linkedlist/array.java,15,29,61
Java,/tmp/clone_directory/en/codes/java/chapter_stack_and_queue/linkedlist_stack.java,16,18,61
Markdown,/tmp/clone_directory/en/docs/chapter_divide_and_conquer/build_binary_tree_problem.md,38,0,61
C,/tmp/clone_directory/zh-hant/codes/c/chapter_dynamic_programming/coin_change.c,9,22,61
Java,/tmp/clone_directory/zh-hant/codes/java/chapter_array_and_linkedlist/array.java,15,29,61
Java,/tmp/clone_directory/zh-hant/codes/java/chapter_stack_and_queue/linkedlist_stack.java,16,18,61
JavaScript,/tmp/clone_directory/zh-hant/codes/javascript/chapter_stack_and_queue/linkedlist_queue.js,15,23,61
Markdown,/tmp/clone_directory/zh-hant/docs/chapter_divide_and_conquer/build_binary_tree_problem.md,38,0,61
Dart,/tmp/clone_directory/codes/dart/utils/print_util.dart,17,13,60
Kotlin,/tmp/clone_directory/codes/kotlin/chapter_stack_and_queue/linkedlist_queue.kt,14,24,60
Python,/tmp/clone_directory/codes/python/chapter_graph/graph_adjacency_matrix.py,17,39,60
Ruby,/tmp/clone_directory/codes/ruby/chapter_stack_and_queue/linkedlist_queue.rb,17,24,60
Python,/tmp/clone_directory/en/codes/python/chapter_graph/graph_adjacency_matrix.py,17,39,60
Dart,/tmp/clone_directory/zh-hant/codes/dart/utils/print_util.dart,17,13,60
Kotlin,/tmp/clone_directory/zh-hant/codes/kotlin/chapter_stack_and_queue/linkedlist_queue.kt,14,24,60
Python,/tmp/clone_directory/zh-hant/codes/python/chapter_graph/graph_adjacency_matrix.py,17,39,60
Ruby,/tmp/clone_directory/zh-hant/codes/ruby/chapter_stack_and_queue/linkedlist_queue.rb,17,24,60
Dart,/tmp/clone_directory/codes/dart/chapter_array_and_linkedlist/array.dart,15,31,59
Dart,/tmp/clone_directory/codes/dart/chapter_stack_and_queue/linkedlist_stack.dart,15,19,59
Rust,/tmp/clone_directory/codes/rust/chapter_backtracking/preorder_traversal_iii_template.rs,11,20,59
Zig,/tmp/clone_directory/codes/zig/chapter_stack_and_queue/array_stack.zig,18,20,59
Markdown,/tmp/clone_directory/docs/chapter_divide_and_conquer/hanota_problem.md,38,0,59
Markdown,/tmp/clone_directory/docs/chapter_dynamic_programming/dp_problem_features.md,42,0,59
Markdown,/tmp/clone_directory/docs/chapter_greedy/max_capacity_problem.md,40,0,59
Markdown,/tmp/clone_directory/en/docs/chapter_divide_and_conquer/hanota_problem.md,38,0,59
Markdown,/tmp/clone_directory/en/docs/chapter_dynamic_programming/dp_problem_features.md,42,0,59
Markdown,/tmp/clone_directory/en/docs/chapter_greedy/max_capacity_problem.md,40,0,59
Dart,/tmp/clone_directory/zh-hant/codes/dart/chapter_array_and_linkedlist/array.dart,15,31,59
Dart,/tmp/clone_directory/zh-hant/codes/dart/chapter_stack_and_queue/linkedlist_stack.dart,15,19,59
Rust,/tmp/clone_directory/zh-hant/codes/rust/chapter_backtracking/preorder_traversal_iii_template.rs,11,20,59
Zig,/tmp/clone_directory/zh-hant/codes/zig/chapter_stack_and_queue/array_stack.zig,18,20,59
Markdown,/tmp/clone_directory/zh-hant/docs/chapter_divide_and_conquer/hanota_problem.md,38,0,59
Markdown,/tmp/clone_directory/zh-hant/docs/chapter_dynamic_programming/dp_problem_features.md,42,0,59
Markdown,/tmp/clone_directory/zh-hant/docs/chapter_greedy/max_capacity_problem.md,40,0,59
C,/tmp/clone_directory/codes/c/chapter_backtracking/preorder_traversal_iii_template.c,13,22,58
JavaScript,/tmp/clone_directory/codes/javascript/modules/PrintUtil.js,15,13,58
Kotlin,/tmp/clone_directory/codes/kotlin/chapter_array_and_linkedlist/array.kt,15,29,58
Kotlin,/tmp/clone_directory/codes/kotlin/chapter_array_and_linkedlist/linked_list.kt,12,18,58
Ruby,/tmp/clone_directory/codes/ruby/chapter_dynamic_programming/knapsack.rb,9,32,58
Rust,/tmp/clone_directory/codes/rust/include/tree_node.rs,9,27,58
Markdown,/tmp/clone_directory/docs/chapter_divide_and_conquer/divide_and_conquer.md,33,0,58
Markdown,/tmp/clone_directory/docs/chapter_graph/graph_operations.md,28,0,58
Markdown,/tmp/clone_directory/en/docs/chapter_divide_and_conquer/divide_and_conquer.md,33,0,58
Markdown,/tmp/clone_directory/en/docs/chapter_graph/graph_operations.md,28,0,58
C,/tmp/clone_directory/zh-hant/codes/c/chapter_backtracking/preorder_traversal_iii_template.c,13,22,58
JavaScript,/tmp/clone_directory/zh-hant/codes/javascript/modules/PrintUtil.js,15,13,58
Kotlin,/tmp/clone_directory/zh-hant/codes/kotlin/chapter_array_and_linkedlist/array.kt,15,29,58
Kotlin,/tmp/clone_directory/zh-hant/codes/kotlin/chapter_array_and_linkedlist/linked_list.kt,12,18,58
Ruby,/tmp/clone_directory/zh-hant/codes/ruby/chapter_dynamic_programming/knapsack.rb,9,32,58
Rust,/tmp/clone_directory/zh-hant/codes/rust/include/tree_node.rs,9,27,58
Markdown,/tmp/clone_directory/zh-hant/docs/chapter_divide_and_conquer/divide_and_conquer.md,33,0,58
Markdown,/tmp/clone_directory/zh-hant/docs/chapter_graph/graph_operations.md,28,0,58
C,/tmp/clone_directory/codes/c/chapter_array_and_linkedlist/linked_list.c,11,21,57
C++,/tmp/clone_directory/codes/cpp/chapter_array_and_linkedlist/linked_list.cpp,12,20,57
C++,/tmp/clone_directory/codes/cpp/chapter_graph/graph_adjacency_list.cpp,11,22,57
Go,/tmp/clone_directory/codes/go/chapter_dynamic_programming/knapsack.go,6,24,57
Go,/tmp/clone_directory/codes/go/chapter_stack_and_queue/linkedlist_deque.go,13,15,57
Java,/tmp/clone_directory/codes/java/chapter_array_and_linkedlist/linked_list.java,11,18,57
Python,/tmp/clone_directory/codes/python/chapter_dynamic_programming/min_path_sum.py,15,32,57
TypeScript,/tmp/clone_directory/codes/typescript/chapter_array_and_linkedlist/linked_list.ts,11,18,57
Zig,/tmp/clone_directory/codes/zig/chapter_array_and_linkedlist/linked_list.zig,11,16,57
C++,/tmp/clone_directory/en/codes/cpp/chapter_array_and_linkedlist/linked_list.cpp,12,20,57
C++,/tmp/clone_directory/en/codes/cpp/chapter_graph/graph_adjacency_list.cpp,11,22,57
Java,/tmp/clone_directory/en/codes/java/chapter_array_and_linkedlist/linked_list.java,11,18,57
Python,/tmp/clone_directory/en/codes/python/chapter_dynamic_programming/min_path_sum.py,15,32,57
C,/tmp/clone_directory/zh-hant/codes/c/chapter_array_and_linkedlist/linked_list.c,11,21,57
C++,/tmp/clone_directory/zh-hant/codes/cpp/chapter_array_and_linkedlist/linked_list.cpp,12,20,57
C++,/tmp/clone_directory/zh-hant/codes/cpp/chapter_graph/graph_adjacency_list.cpp,11,22,57
Go,/tmp/clone_directory/zh-hant/codes/go/chapter_dynamic_programming/knapsack.go,6,24,57
Go,/tmp/clone_directory/zh-hant/codes/go/chapter_stack_and_queue/linkedlist_deque.go,13,15,57
Java,/tmp/clone_directory/zh-hant/codes/java/chapter_array_and_linkedlist/linked_list.java,11,18,57
Python,/tmp/clone_directory/zh-hant/codes/python/chapter_dynamic_programming/min_path_sum.py,15,32,57
TypeScript,/tmp/clone_directory/zh-hant/codes/typescript/chapter_array_and_linkedlist/linked_list.ts,11,18,57
Zig,/tmp/clone_directory/zh-hant/codes/zig/chapter_array_and_linkedlist/linked_list.zig,11,16,57
C,/tmp/clone_directory/codes/c/chapter_sorting/counting_sort.c,6,24,56
TypeScript,/tmp/clone_directory/codes/typescript/chapter_array_and_linkedlist/array.ts,14,31,56
TypeScript,/tmp/clone_directory/codes/typescript/chapter_stack_and_queue/linkedlist_stack.ts,16,19,56
C,/tmp/clone_directory/zh-hant/codes/c/chapter_sorting/counting_sort.c,6,24,56
TypeScript,/tmp/clone_directory/zh-hant/codes/typescript/chapter_array_and_linkedlist/array.ts,14,31,56
TypeScript,/tmp/clone_directory/zh-hant/codes/typescript/chapter_stack_and_queue/linkedlist_stack.ts,16,19,56
Python,/tmp/clone_directory/codes/python/chapter_dynamic_programming/knapsack.py,14,32,55
Python,/tmp/clone_directory/codes/python/chapter_stack_and_queue/linkedlist_queue.py,18,24,55
Ruby,/tmp/clone_directory/codes/ruby/utils/print_util.rb,13,12,55
Markdown,/tmp/clone_directory/docs/chapter_greedy/greedy_algorithm.md,39,0,55
Python,/tmp/clone_directory/en/codes/python/chapter_dynamic_programming/knapsack.py,14,32,55
Python,/tmp/clone_directory/en/codes/python/chapter_stack_and_queue/linkedlist_queue.py,18,24,55
Markdown,/tmp/clone_directory/en/docs/chapter_greedy/greedy_algorithm.md,39,0,55
Python,/tmp/clone_directory/zh-hant/codes/python/chapter_dynamic_programming/knapsack.py,14,32,55
Python,/tmp/clone_directory/zh-hant/codes/python/chapter_stack_and_queue/linkedlist_queue.py,18,24,55
Ruby,/tmp/clone_directory/zh-hant/codes/ruby/utils/print_util.rb,13,12,55
Markdown,/tmp/clone_directory/zh-hant/docs/chapter_greedy/greedy_algorithm.md,39,0,55
C#,/tmp/clone_directory/codes/csharp/chapter_array_and_linkedlist/linked_list.cs,11,15,54
C#,/tmp/clone_directory/codes/csharp/chapter_backtracking/n_queens.cs,7,15,54
Dart,/tmp/clone_directory/codes/dart/chapter_array_and_linkedlist/linked_list.dart,11,18,54
Dart,/tmp/clone_directory/codes/dart/chapter_backtracking/n_queens.dart,5,16,54
Java,/tmp/clone_directory/codes/java/chapter_backtracking/n_queens.java,8,15,54
JavaScript,/tmp/clone_directory/codes/javascript/chapter_array_and_linkedlist/linked_list.js,10,18,54
JavaScript,/tmp/clone_directory/codes/javascript/chapter_stack_and_queue/linkedlist_stack.js,15,19,54
Kotlin,/tmp/clone_directory/codes/kotlin/chapter_stack_and_queue/linkedlist_stack.kt,14,19,54
Python,/tmp/clone_directory/codes/python/chapter_stack_and_queue/array_queue.py,18,26,54
Ruby,/tmp/clone_directory/codes/ruby/chapter_array_and_linkedlist/array.rb,23,31,54
Swift,/tmp/clone_directory/codes/swift/chapter_hashing/simple_hash.swift,9,10,54
Markdown,/tmp/clone_directory/docs/chapter_backtracking/subset_sum_problem.md,41,0,54
Markdown,/tmp/clone_directory/docs/chapter_tree/binary_tree_traversal.md,35,0,54
Java,/tmp/clone_directory/en/codes/java/chapter_backtracking/n_queens.java,8,15,54
Python,/tmp/clone_directory/en/codes/python/chapter_stack_and_queue/array_queue.py,18,26,54
Markdown,/tmp/clone_directory/en/docs/chapter_backtracking/subset_sum_problem.md,41,0,54
Markdown,/tmp/clone_directory/en/docs/chapter_tree/binary_tree_traversal.md,35,0,54
C#,/tmp/clone_directory/zh-hant/codes/csharp/chapter_array_and_linkedlist/linked_list.cs,11,15,54
C#,/tmp/clone_directory/zh-hant/codes/csharp/chapter_backtracking/n_queens.cs,7,15,54
Dart,/tmp/clone_directory/zh-hant/codes/dart/chapter_array_and_linkedlist/linked_list.dart,11,18,54
Dart,/tmp/clone_directory/zh-hant/codes/dart/chapter_backtracking/n_queens.dart,5,16,54
Java,/tmp/clone_directory/zh-hant/codes/java/chapter_backtracking/n_queens.java,8,15,54
JavaScript,/tmp/clone_directory/zh-hant/codes/javascript/chapter_array_and_linkedlist/linked_list.js,10,18,54
JavaScript,/tmp/clone_directory/zh-hant/codes/javascript/chapter_stack_and_queue/linkedlist_stack.js,15,19,54
Kotlin,/tmp/clone_directory/zh-hant/codes/kotlin/chapter_stack_and_queue/linkedlist_stack.kt,14,19,54
Python,/tmp/clone_directory/zh-hant/codes/python/chapter_stack_and_queue/array_queue.py,18,26,54
Ruby,/tmp/clone_directory/zh-hant/codes/ruby/chapter_array_and_linkedlist/array.rb,23,31,54
Swift,/tmp/clone_directory/zh-hant/codes/swift/chapter_hashing/simple_hash.swift,9,10,54
Markdown,/tmp/clone_directory/zh-hant/docs/chapter_backtracking/subset_sum_problem.md,41,0,54
Markdown,/tmp/clone_directory/zh-hant/docs/chapter_tree/binary_tree_traversal.md,35,0,54
C,/tmp/clone_directory/codes/c/chapter_backtracking/permutations_ii.c,12,16,53
C,/tmp/clone_directory/codes/c/chapter_computational_complexity/iteration.c,11,17,53
C,/tmp/clone_directory/codes/c/chapter_dynamic_programming/coin_change_ii.c,7,21,53
JavaScript,/tmp/clone_directory/codes/javascript/chapter_array_and_linkedlist/array.js,13,31,53
Ruby,/tmp/clone_directory/codes/ruby/chapter_stack_and_queue/linkedlist_stack.rb,15,19,53
Swift,/tmp/clone_directory/codes/swift/chapter_sorting/radix_sort.swift,4,22,53
Zig,/tmp/clone_directory/codes/zig/chapter_computational_complexity/iteration.zig,10,14,53
Zig,/tmp/clone_directory/codes/zig/chapter_dynamic_programming/coin_change.zig,7,17,53
Markdown,/tmp/clone_directory/docs/chapter_backtracking/permutations_problem.md,42,0,53
Markdown,/tmp/clone_directory/docs/chapter_greedy/max_product_cutting_problem.md,32,0,53
Markdown,/tmp/clone_directory/docs/chapter_searching/binary_search_insertion.md,38,0,53
Markdown,/tmp/clone_directory/docs/chapter_searching/searching_algorithm_revisited.md,31,0,53
Markdown,/tmp/clone_directory/en/docs/chapter_backtracking/permutations_problem.md,42,0,53
Markdown,/tmp/clone_directory/en/docs/chapter_greedy/max_product_cutting_problem.md,32,0,53
Markdown,/tmp/clone_directory/en/docs/chapter_searching/binary_search_insertion.md,38,0,53
Markdown,/tmp/clone_directory/en/docs/chapter_searching/searching_algorithm_revisited.md,31,0,53
C,/tmp/clone_directory/zh-hant/codes/c/chapter_backtracking/permutations_ii.c,12,16,53
C,/tmp/clone_directory/zh-hant/codes/c/chapter_computational_complexity/iteration.c,11,17,53
C,/tmp/clone_directory/zh-hant/codes/c/chapter_dynamic_programming/coin_change_ii.c,7,21,53
JavaScript,/tmp/clone_directory/zh-hant/codes/javascript/chapter_array_and_linkedlist/array.js,13,31,53
Ruby,/tmp/clone_directory/zh-hant/codes/ruby/chapter_stack_and_queue/linkedlist_stack.rb,15,19,53
Swift,/tmp/clone_directory/zh-hant/codes/swift/chapter_sorting/radix_sort.swift,4,22,53
Zig,/tmp/clone_directory/zh-hant/codes/zig/chapter_computational_complexity/iteration.zig,10,14,53
Zig,/tmp/clone_directory/zh-hant/codes/zig/chapter_dynamic_programming/coin_change.zig,7,17,53
Markdown,/tmp/clone_directory/zh-hant/docs/chapter_backtracking/permutations_problem.md,42,0,53
Markdown,/tmp/clone_directory/zh-hant/docs/chapter_greedy/max_product_cutting_problem.md,32,0,53
Markdown,/tmp/clone_directory/zh-hant/docs/chapter_searching/binary_search_insertion.md,38,0,53
Markdown,/tmp/clone_directory/zh-hant/docs/chapter_searching/searching_algorithm_revisited.md,31,0,53
C,/tmp/clone_directory/codes/c/chapter_dynamic_programming/unbounded_knapsack.c,8,21,52
Go,/tmp/clone_directory/codes/go/chapter_stack_and_queue/array_queue.go,10,16,52
Kotlin,/tmp/clone_directory/codes/kotlin/chapter_sorting/counting_sort.kt,6,22,52
Ruby,/tmp/clone_directory/codes/ruby/chapter_dynamic_programming/min_path_sum.rb,9,32,52
Zig,/tmp/clone_directory/codes/zig/include/TreeNode.zig,5,6,52
Markdown,/tmp/clone_directory/docs/chapter_sorting/counting_sort.md,32,0,52
Markdown,/tmp/clone_directory/en/docs/chapter_sorting/counting_sort.md,32,0,52
C,/tmp/clone_directory/zh-hant/codes/c/chapter_dynamic_programming/unbounded_knapsack.c,8,21,52
Kotlin,/tmp/clone_directory/zh-hant/codes/kotlin/chapter_sorting/counting_sort.kt,6,22,52
Ruby,/tmp/clone_directory/zh-hant/codes/ruby/chapter_dynamic_programming/min_path_sum.rb,9,32,52
Zig,/tmp/clone_directory/zh-hant/codes/zig/include/TreeNode.zig,5,6,52
Markdown,/tmp/clone_directory/zh-hant/docs/chapter_sorting/counting_sort.md,32,0,52
C,/tmp/clone_directory/codes/c/chapter_backtracking/permutations_i.c,12,16,51
C#,/tmp/clone_directory/codes/csharp/chapter_computational_complexity/iteration.cs,10,16,51
C#,/tmp/clone_directory/codes/csharp/chapter_sorting/counting_sort.cs,5,21,51
C#,/tmp/clone_directory/codes/csharp/chapter_stack_and_queue/array_stack.cs,14,19,51
Go,/tmp/clone_directory/codes/go/chapter_array_and_linkedlist/array.go,8,20,51
Java,/tmp/clone_directory/codes/java/chapter_sorting/counting_sort.java,6,21,51
Kotlin,/tmp/clone_directory/codes/kotlin/chapter_backtracking/preorder_traversal_iii_template.kt,11,20,51
Python,/tmp/clone_directory/codes/python/chapter_array_and_linkedlist/linked_list.py,16,18,51
Python,/tmp/clone_directory/codes/python/chapter_stack_and_queue/linkedlist_stack.py,18,20,51
Ruby,/tmp/clone_directory/codes/ruby/chapter_array_and_linkedlist/linked_list.rb,13,19,51
Rust,/tmp/clone_directory/codes/rust/chapter_dynamic_programming/coin_change.rs,5,19,51
Rust,/tmp/clone_directory/codes/rust/chapter_stack_and_queue/array_stack.rs,15,20,51
Swift,/tmp/clone_directory/codes/swift/chapter_stack_and_queue/array_stack.swift,14,20,51
Zig,/tmp/clone_directory/codes/zig/chapter_heap/heap.zig,15,14,51
Markdown,/tmp/clone_directory/docs/chapter_searching/binary_search.md,32,0,51
Java,/tmp/clone_directory/en/codes/java/chapter_sorting/counting_sort.java,6,21,51
Python,/tmp/clone_directory/en/codes/python/chapter_array_and_linkedlist/linked_list.py,16,18,51
Python,/tmp/clone_directory/en/codes/python/chapter_stack_and_queue/linkedlist_stack.py,18,20,51
Markdown,/tmp/clone_directory/en/docs/chapter_searching/binary_search.md,32,0,51
C,/tmp/clone_directory/zh-hant/codes/c/chapter_backtracking/permutations_i.c,12,16,51
C#,/tmp/clone_directory/zh-hant/codes/csharp/chapter_computational_complexity/iteration.cs,10,16,51
C#,/tmp/clone_directory/zh-hant/codes/csharp/chapter_sorting/counting_sort.cs,5,21,51
C#,/tmp/clone_directory/zh-hant/codes/csharp/chapter_stack_and_queue/array_stack.cs,14,19,51
Go,/tmp/clone_directory/zh-hant/codes/go/chapter_array_and_linkedlist/array.go,8,20,51
Java,/tmp/clone_directory/zh-hant/codes/java/chapter_sorting/counting_sort.java,6,21,51
Kotlin,/tmp/clone_directory/zh-hant/codes/kotlin/chapter_backtracking/preorder_traversal_iii_template.kt,11,20,51
Python,/tmp/clone_directory/zh-hant/codes/python/chapter_array_and_linkedlist/linked_list.py,16,18,51
Python,/tmp/clone_directory/zh-hant/codes/python/chapter_stack_and_queue/linkedlist_stack.py,18,20,51
Ruby,/tmp/clone_directory/zh-hant/codes/ruby/chapter_array_and_linkedlist/linked_list.rb,13,19,51
Rust,/tmp/clone_directory/zh-hant/codes/rust/chapter_dynamic_programming/coin_change.rs,5,19,51
Rust,/tmp/clone_directory/zh-hant/codes/rust/chapter_stack_and_queue/array_stack.rs,15,20,51
Swift,/tmp/clone_directory/zh-hant/codes/swift/chapter_stack_and_queue/array_stack.swift,14,20,51
Zig,/tmp/clone_directory/zh-hant/codes/zig/chapter_heap/heap.zig,15,14,51
Markdown,/tmp/clone_directory/zh-hant/docs/chapter_searching/binary_search.md,32,0,51
C,/tmp/clone_directory/codes/c/chapter_backtracking/subset_sum_ii.c,11,22,50
Java,/tmp/clone_directory/codes/java/chapter_computational_complexity/iteration.java,10,16,50
Ruby,/tmp/clone_directory/codes/ruby/chapter_computational_complexity/space_complexity.rb,17,25,50
Swift,/tmp/clone_directory/codes/swift/chapter_computational_complexity/iteration.swift,9,16,50
Zig,/tmp/clone_directory/codes/zig/chapter_sorting/radix_sort.zig,6,21,50
Markdown,/tmp/clone_directory/docs/chapter_graph/graph.md,33,0,50
Java,/tmp/clone_directory/en/codes/java/chapter_computational_complexity/iteration.java,10,16,50
Markdown,/tmp/clone_directory/en/docs/chapter_graph/graph.md,33,0,50
C,/tmp/clone_directory/zh-hant/codes/c/chapter_backtracking/subset_sum_ii.c,11,22,50
Java,/tmp/clone_directory/zh-hant/codes/java/chapter_computational_complexity/iteration.java,10,16,50
Ruby,/tmp/clone_directory/zh-hant/codes/ruby/chapter_computational_complexity/space_complexity.rb,17,25,50
Swift,/tmp/clone_directory/zh-hant/codes/swift/chapter_computational_complexity/iteration.swift,9,16,50
Zig,/tmp/clone_directory/zh-hant/codes/zig/chapter_sorting/radix_sort.zig,6,21,50
Markdown,/tmp/clone_directory/zh-hant/docs/chapter_graph/graph.md,33,0,50
YAML,/tmp/clone_directory/.github/workflows/c.yml,9,14,49
YAML,/tmp/clone_directory/.github/workflows/cpp.yml,9,14,49
C++,/tmp/clone_directory/codes/cpp/chapter_computational_complexity/iteration.cpp,11,16,49
C++,/tmp/clone_directory/codes/cpp/chapter_sorting/counting_sort.cpp,6,22,49
C++,/tmp/clone_directory/codes/cpp/chapter_stack_and_queue/array_stack.cpp,16,20,49
Java,/tmp/clone_directory/codes/java/chapter_stack_and_queue/array_stack.java,16,19,49
Python,/tmp/clone_directory/codes/python/modules/print_util.py,18,14,49
Swift,/tmp/clone_directory/codes/swift/chapter_searching/binary_search_insertion_target.swift,6,16,49
TypeScript,/tmp/clone_directory/codes/typescript/chapter_dynamic_programming/unbounded_knapsack.ts,6,18,49
Zig,/tmp/clone_directory/codes/zig/chapter_array_and_linkedlist/list.zig,13,16,49
C++,/tmp/clone_directory/en/codes/cpp/chapter_computational_complexity/iteration.cpp,11,16,49
C++,/tmp/clone_directory/en/codes/cpp/chapter_sorting/counting_sort.cpp,6,22,49
C++,/tmp/clone_directory/en/codes/cpp/chapter_stack_and_queue/array_stack.cpp,16,20,49
Java,/tmp/clone_directory/en/codes/java/chapter_stack_and_queue/array_stack.java,16,19,49
Python,/tmp/clone_directory/en/codes/python/modules/print_util.py,18,14,49
C++,/tmp/clone_directory/zh-hant/codes/cpp/chapter_computational_complexity/iteration.cpp,11,16,49
C++,/tmp/clone_directory/zh-hant/codes/cpp/chapter_sorting/counting_sort.cpp,6,22,49
C++,/tmp/clone_directory/zh-hant/codes/cpp/chapter_stack_and_queue/array_stack.cpp,16,20,49
Go,/tmp/clone_directory/zh-hant/codes/go/chapter_stack_and_queue/array_queue.go,9,16,49
Java,/tmp/clone_directory/zh-hant/codes/java/chapter_stack_and_queue/array_stack.java,16,19,49
Python,/tmp/clone_directory/zh-hant/codes/python/modules/print_util.py,18,14,49
Swift,/tmp/clone_directory/zh-hant/codes/swift/chapter_searching/binary_search_insertion_target.swift,6,16,49
TypeScript,/tmp/clone_directory/zh-hant/codes/typescript/chapter_dynamic_programming/unbounded_knapsack.ts,6,18,49
Zig,/tmp/clone_directory/zh-hant/codes/zig/chapter_array_and_linkedlist/list.zig,13,16,49
C,/tmp/clone_directory/codes/c/chapter_backtracking/subset_sum_i.c,11,19,48
C,/tmp/clone_directory/codes/c/chapter_searching/binary_search_insertion.c,6,14,48
C/C++ Header,/tmp/clone_directory/codes/cpp/utils/tree_node.hpp,10,26,48
Kotlin,/tmp/clone_directory/codes/kotlin/chapter_computational_complexity/iteration.kt,10,16,48
Rust,/tmp/clone_directory/codes/rust/chapter_graph/graph_bfs.rs,6,16,48
Zig,/tmp/clone_directory/codes/zig/chapter_computational_complexity/recursion.zig,10,20,48
Markdown,/tmp/clone_directory/docs/chapter_data_structure/character_encoding.md,39,0,48
C/C++ Header,/tmp/clone_directory/en/codes/cpp/utils/tree_node.hpp,10,26,48
Markdown,/tmp/clone_directory/en/docs/chapter_array_and_linkedlist/summary.md,33,0,48
Markdown,/tmp/clone_directory/en/docs/chapter_data_structure/character_encoding.md,39,0,48
C,/tmp/clone_directory/zh-hant/codes/c/chapter_backtracking/subset_sum_i.c,11,19,48
C,/tmp/clone_directory/zh-hant/codes/c/chapter_searching/binary_search_insertion.c,6,14,48
C/C++ Header,/tmp/clone_directory/zh-hant/codes/cpp/utils/tree_node.hpp,10,26,48
Kotlin,/tmp/clone_directory/zh-hant/codes/kotlin/chapter_computational_complexity/iteration.kt,10,16,48
Rust,/tmp/clone_directory/zh-hant/codes/rust/chapter_graph/graph_bfs.rs,6,16,48
Zig,/tmp/clone_directory/zh-hant/codes/zig/chapter_computational_complexity/recursion.zig,10,20,48
Markdown,/tmp/clone_directory/zh-hant/docs/chapter_data_structure/character_encoding.md,39,0,48
C,/tmp/clone_directory/codes/c/chapter_graph/graph_dfs.c,8,20,47
C#,/tmp/clone_directory/codes/csharp/chapter_dynamic_programming/coin_change.cs,6,18,47
C#,/tmp/clone_directory/codes/csharp/chapter_hashing/simple_hash.cs,10,9,47
Dart,/tmp/clone_directory/codes/dart/chapter_computational_complexity/iteration.dart,9,16,47
Go,/tmp/clone_directory/codes/go/chapter_dynamic_programming/coin_change.go,4,15,47
Java,/tmp/clone_directory/codes/java/chapter_backtracking/preorder_traversal_iii_template.java,11,19,47
Java,/tmp/clone_directory/codes/java/chapter_dynamic_programming/coin_change.java,7,18,47
Python,/tmp/clone_directory/codes/python/chapter_array_and_linkedlist/array.py,21,32,47
Python,/tmp/clone_directory/codes/python/chapter_computational_complexity/space_complexity.py,18,25,47
Rust,/tmp/clone_directory/codes/rust/chapter_computational_complexity/iteration.rs,11,16,47
Swift,/tmp/clone_directory/codes/swift/chapter_backtracking/preorder_traversal_iii_template.swift,10,19,47
Markdown,/tmp/clone_directory/docs/chapter_heap/build_heap.md,27,0,47
Markdown,/tmp/clone_directory/docs/chapter_sorting/heap_sort.md,26,0,47
Java,/tmp/clone_directory/en/codes/java/chapter_backtracking/preorder_traversal_iii_template.java,11,19,47
Java,/tmp/clone_directory/en/codes/java/chapter_dynamic_programming/coin_change.java,7,18,47
Python,/tmp/clone_directory/en/codes/python/chapter_array_and_linkedlist/array.py,21,32,47
Python,/tmp/clone_directory/en/codes/python/chapter_computational_complexity/space_complexity.py,18,25,47
Markdown,/tmp/clone_directory/en/docs/chapter_heap/build_heap.md,27,0,47
Markdown,/tmp/clone_directory/en/docs/chapter_sorting/heap_sort.md,26,0,47
C,/tmp/clone_directory/zh-hant/codes/c/chapter_graph/graph_dfs.c,8,20,47
C#,/tmp/clone_directory/zh-hant/codes/csharp/chapter_dynamic_programming/coin_change.cs,6,18,47
C#,/tmp/clone_directory/zh-hant/codes/csharp/chapter_hashing/simple_hash.cs,10,9,47
Dart,/tmp/clone_directory/zh-hant/codes/dart/chapter_computational_complexity/iteration.dart,9,16,47
Go,/tmp/clone_directory/zh-hant/codes/go/chapter_dynamic_programming/coin_change.go,4,15,47
Java,/tmp/clone_directory/zh-hant/codes/java/chapter_backtracking/preorder_traversal_iii_template.java,11,19,47
Java,/tmp/clone_directory/zh-hant/codes/java/chapter_dynamic_programming/coin_change.java,7,18,47
Python,/tmp/clone_directory/zh-hant/codes/python/chapter_array_and_linkedlist/array.py,21,32,47
Python,/tmp/clone_directory/zh-hant/codes/python/chapter_computational_complexity/space_complexity.py,18,25,47
Rust,/tmp/clone_directory/zh-hant/codes/rust/chapter_computational_complexity/iteration.rs,11,16,47
Swift,/tmp/clone_directory/zh-hant/codes/swift/chapter_backtracking/preorder_traversal_iii_template.swift,10,19,47
Markdown,/tmp/clone_directory/zh-hant/docs/chapter_heap/build_heap.md,27,0,47
Markdown,/tmp/clone_directory/zh-hant/docs/chapter_sorting/heap_sort.md,26,0,47
C++,/tmp/clone_directory/codes/cpp/chapter_backtracking/preorder_traversal_iii_template.cpp,10,20,46
C++,/tmp/clone_directory/codes/cpp/chapter_searching/binary_search_insertion.cpp,6,14,46
C#,/tmp/clone_directory/codes/csharp/chapter_searching/binary_search_insertion.cs,5,13,46
Dart,/tmp/clone_directory/codes/dart/chapter_sorting/counting_sort.dart,4,22,46
Go,/tmp/clone_directory/codes/go/chapter_hashing/hash_map_test.go,14,14,46
Java,/tmp/clone_directory/codes/java/chapter_hashing/simple_hash.java,10,9,46
Ruby,/tmp/clone_directory/codes/ruby/chapter_computational_complexity/iteration.rb,17,16,46
Swift,/tmp/clone_directory/codes/swift/chapter_computational_complexity/recursion.swift,9,24,46
TypeScript,/tmp/clone_directory/codes/typescript/chapter_computational_complexity/iteration.ts,10,16,46
TypeScript,/tmp/clone_directory/codes/typescript/chapter_searching/binary_search_insertion.ts,5,14,46
TypeScript,/tmp/clone_directory/codes/typescript/chapter_sorting/counting_sort.ts,5,22,46
Markdown,/tmp/clone_directory/docs/chapter_sorting/merge_sort.md,27,0,46
C++,/tmp/clone_directory/en/codes/cpp/chapter_backtracking/preorder_traversal_iii_template.cpp,10,20,46
C++,/tmp/clone_directory/en/codes/cpp/chapter_searching/binary_search_insertion.cpp,6,14,46
Java,/tmp/clone_directory/en/codes/java/chapter_hashing/simple_hash.java,10,9,46
Markdown,/tmp/clone_directory/en/docs/chapter_sorting/merge_sort.md,27,0,46
C++,/tmp/clone_directory/zh-hant/codes/cpp/chapter_backtracking/preorder_traversal_iii_template.cpp,10,20,46
C++,/tmp/clone_directory/zh-hant/codes/cpp/chapter_searching/binary_search_insertion.cpp,6,14,46
C#,/tmp/clone_directory/zh-hant/codes/csharp/chapter_searching/binary_search_insertion.cs,5,13,46
Dart,/tmp/clone_directory/zh-hant/codes/dart/chapter_sorting/counting_sort.dart,4,22,46
Go,/tmp/clone_directory/zh-hant/codes/go/chapter_hashing/hash_map_test.go,14,14,46
Java,/tmp/clone_directory/zh-hant/codes/java/chapter_hashing/simple_hash.java,10,9,46
Ruby,/tmp/clone_directory/zh-hant/codes/ruby/chapter_computational_complexity/iteration.rb,17,16,46
Swift,/tmp/clone_directory/zh-hant/codes/swift/chapter_computational_complexity/recursion.swift,9,24,46
TypeScript,/tmp/clone_directory/zh-hant/codes/typescript/chapter_computational_complexity/iteration.ts,10,16,46
TypeScript,/tmp/clone_directory/zh-hant/codes/typescript/chapter_searching/binary_search_insertion.ts,5,14,46
TypeScript,/tmp/clone_directory/zh-hant/codes/typescript/chapter_sorting/counting_sort.ts,5,22,46
Markdown,/tmp/clone_directory/zh-hant/docs/chapter_sorting/merge_sort.md,27,0,46
C,/tmp/clone_directory/codes/c/chapter_divide_and_conquer/hanota.c,11,18,45
C,/tmp/clone_directory/codes/c/chapter_hashing/simple_hash.c,13,10,45
C,/tmp/clone_directory/codes/c/chapter_tree/binary_tree_dfs.c,11,19,45
C++,/tmp/clone_directory/codes/cpp/chapter_hashing/simple_hash.cpp,11,10,45
Dart,/tmp/clone_directory/codes/dart/chapter_graph/graph_bfs.dart,5,16,45
Dart,/tmp/clone_directory/codes/dart/chapter_stack_and_queue/array_stack.dart,13,19,45
Java,/tmp/clone_directory/codes/java/chapter_searching/binary_search_insertion.java,5,13,45
JavaScript,/tmp/clone_directory/codes/javascript/chapter_computational_complexity/iteration.js,9,16,45
JavaScript,/tmp/clone_directory/codes/javascript/chapter_searching/binary_search_insertion.js,5,14,45
JavaScript,/tmp/clone_directory/codes/javascript/chapter_sorting/counting_sort.js,4,22,45
Kotlin,/tmp/clone_directory/codes/kotlin/chapter_dynamic_programming/coin_change.kt,7,19,45
Kotlin,/tmp/clone_directory/codes/kotlin/chapter_searching/binary_search_insertion.kt,6,14,45
Swift,/tmp/clone_directory/codes/swift/chapter_backtracking/n_queens.swift,6,16,45
Swift,/tmp/clone_directory/codes/swift/chapter_dynamic_programming/coin_change.swift,5,19,45
Markdown,/tmp/clone_directory/docs/chapter_array_and_linkedlist/summary.md,31,0,45
C++,/tmp/clone_directory/en/codes/cpp/chapter_hashing/simple_hash.cpp,11,10,45
Java,/tmp/clone_directory/en/codes/java/chapter_searching/binary_search_insertion.java,5,13,45
C,/tmp/clone_directory/zh-hant/codes/c/chapter_divide_and_conquer/hanota.c,11,18,45
C,/tmp/clone_directory/zh-hant/codes/c/chapter_hashing/simple_hash.c,13,10,45
C,/tmp/clone_directory/zh-hant/codes/c/chapter_tree/binary_tree_dfs.c,11,19,45
C++,/tmp/clone_directory/zh-hant/codes/cpp/chapter_hashing/simple_hash.cpp,11,10,45
Dart,/tmp/clone_directory/zh-hant/codes/dart/chapter_graph/graph_bfs.dart,5,16,45
Dart,/tmp/clone_directory/zh-hant/codes/dart/chapter_stack_and_queue/array_stack.dart,13,19,45
Java,/tmp/clone_directory/zh-hant/codes/java/chapter_searching/binary_search_insertion.java,5,13,45
JavaScript,/tmp/clone_directory/zh-hant/codes/javascript/chapter_computational_complexity/iteration.js,9,16,45
JavaScript,/tmp/clone_directory/zh-hant/codes/javascript/chapter_searching/binary_search_insertion.js,5,14,45
JavaScript,/tmp/clone_directory/zh-hant/codes/javascript/chapter_sorting/counting_sort.js,4,22,45
Kotlin,/tmp/clone_directory/zh-hant/codes/kotlin/chapter_dynamic_programming/coin_change.kt,7,19,45
Kotlin,/tmp/clone_directory/zh-hant/codes/kotlin/chapter_searching/binary_search_insertion.kt,6,14,45
Swift,/tmp/clone_directory/zh-hant/codes/swift/chapter_backtracking/n_queens.swift,6,16,45
Swift,/tmp/clone_directory/zh-hant/codes/swift/chapter_dynamic_programming/coin_change.swift,5,19,45
Markdown,/tmp/clone_directory/zh-hant/docs/chapter_array_and_linkedlist/summary.md,31,0,45
C++,/tmp/clone_directory/codes/cpp/chapter_dynamic_programming/coin_change.cpp,7,19,44
C#,/tmp/clone_directory/codes/csharp/chapter_computational_complexity/recursion.cs,10,24,44
C#,/tmp/clone_directory/codes/csharp/chapter_dynamic_programming/coin_change_ii.cs,6,18,44
Dart,/tmp/clone_directory/codes/dart/chapter_backtracking/preorder_traversal_iii_template.dart,9,20,44
Dart,/tmp/clone_directory/codes/dart/chapter_sorting/radix_sort.dart,4,23,44
Java,/tmp/clone_directory/codes/java/chapter_computational_complexity/recursion.java,11,24,44
Kotlin,/tmp/clone_directory/codes/kotlin/chapter_graph/graph_bfs.kt,5,16,44
Kotlin,/tmp/clone_directory/codes/kotlin/chapter_hashing/simple_hash.kt,10,10,44
Ruby,/tmp/clone_directory/codes/ruby/chapter_sorting/radix_sort.rb,4,22,44
Rust,/tmp/clone_directory/codes/rust/chapter_heap/heap.rs,12,17,44
Rust,/tmp/clone_directory/codes/rust/include/list_node.rs,5,8,44
Swift,/tmp/clone_directory/codes/swift/chapter_sorting/counting_sort.swift,4,22,44
Swift,/tmp/clone_directory/codes/swift/chapter_sorting/merge_sort.swift,3,18,44
TypeScript,/tmp/clone_directory/codes/typescript/chapter_backtracking/preorder_traversal_iii_template.ts,11,20,44
TypeScript,/tmp/clone_directory/codes/typescript/chapter_stack_and_queue/array_stack.ts,14,19,44
Markdown,/tmp/clone_directory/docs/chapter_heap/top_k.md,29,0,44
C++,/tmp/clone_directory/en/codes/cpp/chapter_dynamic_programming/coin_change.cpp,7,19,44
Java,/tmp/clone_directory/en/codes/java/chapter_computational_complexity/recursion.java,11,24,44
Markdown,/tmp/clone_directory/en/docs/chapter_heap/top_k.md,29,0,44
C++,/tmp/clone_directory/zh-hant/codes/cpp/chapter_dynamic_programming/coin_change.cpp,7,19,44
C#,/tmp/clone_directory/zh-hant/codes/csharp/chapter_computational_complexity/recursion.cs,10,24,44
C#,/tmp/clone_directory/zh-hant/codes/csharp/chapter_dynamic_programming/coin_change_ii.cs,6,18,44
Dart,/tmp/clone_directory/zh-hant/codes/dart/chapter_backtracking/preorder_traversal_iii_template.dart,9,20,44
Dart,/tmp/clone_directory/zh-hant/codes/dart/chapter_sorting/radix_sort.dart,4,23,44
Java,/tmp/clone_directory/zh-hant/codes/java/chapter_computational_complexity/recursion.java,11,24,44
Kotlin,/tmp/clone_directory/zh-hant/codes/kotlin/chapter_graph/graph_bfs.kt,5,16,44
Kotlin,/tmp/clone_directory/zh-hant/codes/kotlin/chapter_hashing/simple_hash.kt,10,10,44
Ruby,/tmp/clone_directory/zh-hant/codes/ruby/chapter_sorting/radix_sort.rb,4,22,44
Rust,/tmp/clone_directory/zh-hant/codes/rust/chapter_heap/heap.rs,12,17,44
Rust,/tmp/clone_directory/zh-hant/codes/rust/include/list_node.rs,5,8,44
Swift,/tmp/clone_directory/zh-hant/codes/swift/chapter_sorting/counting_sort.swift,4,22,44
Swift,/tmp/clone_directory/zh-hant/codes/swift/chapter_sorting/merge_sort.swift,3,18,44
TypeScript,/tmp/clone_directory/zh-hant/codes/typescript/chapter_backtracking/preorder_traversal_iii_template.ts,11,20,44
TypeScript,/tmp/clone_directory/zh-hant/codes/typescript/chapter_stack_and_queue/array_stack.ts,14,19,44
Markdown,/tmp/clone_directory/zh-hant/docs/chapter_heap/top_k.md,29,0,44
C,/tmp/clone_directory/codes/c/chapter_backtracking/subset_sum_i_naive.c,10,16,43
C,/tmp/clone_directory/codes/c/chapter_computational_complexity/recursion.c,11,23,43
C,/tmp/clone_directory/codes/c/chapter_heap/top_k.c,9,21,43
C,/tmp/clone_directory/codes/c/chapter_sorting/bubble_sort.c,6,12,43
C++,/tmp/clone_directory/codes/cpp/chapter_array_and_linkedlist/list.cpp,12,17,43
C++,/tmp/clone_directory/codes/cpp/chapter_computational_complexity/recursion.cpp,11,24,43
C#,/tmp/clone_directory/codes/csharp/chapter_backtracking/preorder_traversal_iii_template.cs,10,19,43
C#,/tmp/clone_directory/codes/csharp/chapter_sorting/radix_sort.cs,5,21,43
Dart,/tmp/clone_directory/codes/dart/chapter_dynamic_programming/coin_change.dart,6,19,43
Dart,/tmp/clone_directory/codes/dart/chapter_hashing/simple_hash.dart,9,10,43
Go,/tmp/clone_directory/codes/go/chapter_dynamic_programming/climbing_stairs_test.go,11,3,43
Go,/tmp/clone_directory/codes/go/chapter_sorting/counting_sort.go,4,21,43
Go,/tmp/clone_directory/codes/go/pkg/tree_node.go,8,27,43
Java,/tmp/clone_directory/codes/java/chapter_dynamic_programming/coin_change_ii.java,6,18,43
JavaScript,/tmp/clone_directory/codes/javascript/chapter_stack_and_queue/array_stack.js,13,19,43
Kotlin,/tmp/clone_directory/codes/kotlin/chapter_dynamic_programming/unbounded_knapsack.kt,7,18,43
Ruby,/tmp/clone_directory/codes/ruby/chapter_stack_and_queue/array_stack.rb,15,20,43
Rust,/tmp/clone_directory/codes/rust/chapter_computational_complexity/recursion.rs,9,24,43
Rust,/tmp/clone_directory/codes/rust/chapter_hashing/simple_hash.rs,17,10,43
Rust,/tmp/clone_directory/codes/rust/chapter_searching/binary_search_insertion.rs,4,14,43
Rust,/tmp/clone_directory/codes/rust/chapter_sorting/counting_sort.rs,5,22,43
Rust,/tmp/clone_directory/codes/rust/chapter_sorting/merge_sort.rs,5,18,43
Swift,/tmp/clone_directory/codes/swift/chapter_dynamic_programming/coin_change_ii.swift,5,19,43
Swift,/tmp/clone_directory/codes/swift/chapter_tree/binary_tree_dfs.swift,9,18,43
TypeScript,/tmp/clone_directory/codes/typescript/chapter_backtracking/n_queens.ts,6,16,43
TypeScript,/tmp/clone_directory/codes/typescript/chapter_dynamic_programming/coin_change.ts,6,19,43
Zig,/tmp/clone_directory/codes/zig/chapter_searching/binary_search.zig,7,14,43
Zig,/tmp/clone_directory/codes/zig/chapter_tree/binary_tree_dfs.zig,11,16,43
Markdown,/tmp/clone_directory/docs/chapter_array_and_linkedlist/ram_and_cache.md,28,0,43
C++,/tmp/clone_directory/en/codes/cpp/chapter_array_and_linkedlist/list.cpp,12,17,43
C++,/tmp/clone_directory/en/codes/cpp/chapter_computational_complexity/recursion.cpp,11,24,43
Java,/tmp/clone_directory/en/codes/java/chapter_dynamic_programming/coin_change_ii.java,6,18,43
Markdown,/tmp/clone_directory/en/docs/chapter_array_and_linkedlist/ram_and_cache.md,28,0,43
C,/tmp/clone_directory/zh-hant/codes/c/chapter_backtracking/subset_sum_i_naive.c,10,16,43
C,/tmp/clone_directory/zh-hant/codes/c/chapter_computational_complexity/recursion.c,11,23,43
C,/tmp/clone_directory/zh-hant/codes/c/chapter_heap/top_k.c,9,21,43
C,/tmp/clone_directory/zh-hant/codes/c/chapter_sorting/bubble_sort.c,6,12,43
C++,/tmp/clone_directory/zh-hant/codes/cpp/chapter_array_and_linkedlist/list.cpp,12,17,43
C++,/tmp/clone_directory/zh-hant/codes/cpp/chapter_computational_complexity/recursion.cpp,11,24,43
C#,/tmp/clone_directory/zh-hant/codes/csharp/chapter_backtracking/preorder_traversal_iii_template.cs,10,19,43
C#,/tmp/clone_directory/zh-hant/codes/csharp/chapter_sorting/radix_sort.cs,5,21,43
Dart,/tmp/clone_directory/zh-hant/codes/dart/chapter_dynamic_programming/coin_change.dart,6,19,43
Dart,/tmp/clone_directory/zh-hant/codes/dart/chapter_hashing/simple_hash.dart,9,10,43
Go,/tmp/clone_directory/zh-hant/codes/go/chapter_dynamic_programming/climbing_stairs_test.go,11,3,43
Go,/tmp/clone_directory/zh-hant/codes/go/chapter_sorting/counting_sort.go,4,21,43
Go,/tmp/clone_directory/zh-hant/codes/go/pkg/tree_node.go,8,27,43
Java,/tmp/clone_directory/zh-hant/codes/java/chapter_dynamic_programming/coin_change_ii.java,6,18,43
JavaScript,/tmp/clone_directory/zh-hant/codes/javascript/chapter_stack_and_queue/array_stack.js,13,19,43
Kotlin,/tmp/clone_directory/zh-hant/codes/kotlin/chapter_dynamic_programming/unbounded_knapsack.kt,7,18,43
Ruby,/tmp/clone_directory/zh-hant/codes/ruby/chapter_stack_and_queue/array_stack.rb,15,20,43
Rust,/tmp/clone_directory/zh-hant/codes/rust/chapter_computational_complexity/recursion.rs,9,24,43
Rust,/tmp/clone_directory/zh-hant/codes/rust/chapter_hashing/simple_hash.rs,17,10,43
Rust,/tmp/clone_directory/zh-hant/codes/rust/chapter_searching/binary_search_insertion.rs,4,14,43
Rust,/tmp/clone_directory/zh-hant/codes/rust/chapter_sorting/counting_sort.rs,5,22,43
Rust,/tmp/clone_directory/zh-hant/codes/rust/chapter_sorting/merge_sort.rs,5,18,43
Swift,/tmp/clone_directory/zh-hant/codes/swift/chapter_dynamic_programming/coin_change_ii.swift,5,19,43
Swift,/tmp/clone_directory/zh-hant/codes/swift/chapter_tree/binary_tree_dfs.swift,9,18,43
TypeScript,/tmp/clone_directory/zh-hant/codes/typescript/chapter_backtracking/n_queens.ts,6,16,43
TypeScript,/tmp/clone_directory/zh-hant/codes/typescript/chapter_dynamic_programming/coin_change.ts,6,19,43
Zig,/tmp/clone_directory/zh-hant/codes/zig/chapter_searching/binary_search.zig,7,14,43
Zig,/tmp/clone_directory/zh-hant/codes/zig/chapter_tree/binary_tree_dfs.zig,11,16,43
Markdown,/tmp/clone_directory/zh-hant/docs/chapter_array_and_linkedlist/ram_and_cache.md,28,0,43
C,/tmp/clone_directory/codes/c/chapter_sorting/radix_sort.c,5,24,42
C++,/tmp/clone_directory/codes/cpp/chapter_dynamic_programming/coin_change_ii.cpp,7,19,42
Dart,/tmp/clone_directory/codes/dart/chapter_searching/binary_search_insertion.dart,4,14,42
Java,/tmp/clone_directory/codes/java/chapter_sorting/radix_sort.java,6,21,42
JavaScript,/tmp/clone_directory/codes/javascript/chapter_dynamic_programming/coin_change.js,5,19,42
Kotlin,/tmp/clone_directory/codes/kotlin/chapter_computational_complexity/recursion.kt,11,25,42
Ruby,/tmp/clone_directory/codes/ruby/chapter_searching/binary_search_insertion.rb,10,16,42
Rust,/tmp/clone_directory/codes/rust/chapter_array_and_linkedlist/list.rs,12,18,42
Rust,/tmp/clone_directory/codes/rust/chapter_tree/binary_tree_dfs.rs,12,17,42
TypeScript,/tmp/clone_directory/codes/typescript/chapter_sorting/radix_sort.ts,5,21,42
Zig,/tmp/clone_directory/codes/zig/chapter_dynamic_programming/coin_change_ii.zig,7,17,42
Zig,/tmp/clone_directory/codes/zig/chapter_sorting/bubble_sort.zig,7,12,42
Zig,/tmp/clone_directory/codes/zig/chapter_sorting/merge_sort.zig,5,20,42
Markdown,/tmp/clone_directory/docs/chapter_appendix/installation.md,26,0,42
C++,/tmp/clone_directory/en/codes/cpp/chapter_dynamic_programming/coin_change_ii.cpp,7,19,42
Java,/tmp/clone_directory/en/codes/java/chapter_sorting/radix_sort.java,6,21,42
Markdown,/tmp/clone_directory/en/docs/chapter_appendix/installation.md,26,0,42
Markdown,/tmp/clone_directory/en/docs/chapter_data_structure/summary.md,24,0,42
C,/tmp/clone_directory/zh-hant/codes/c/chapter_sorting/radix_sort.c,5,24,42
C++,/tmp/clone_directory/zh-hant/codes/cpp/chapter_dynamic_programming/coin_change_ii.cpp,7,19,42
Dart,/tmp/clone_directory/zh-hant/codes/dart/chapter_searching/binary_search_insertion.dart,4,14,42
Java,/tmp/clone_directory/zh-hant/codes/java/chapter_sorting/radix_sort.java,6,21,42
JavaScript,/tmp/clone_directory/zh-hant/codes/javascript/chapter_dynamic_programming/coin_change.js,5,19,42
JavaScript,/tmp/clone_directory/zh-hant/codes/javascript/test_all.js,12,9,42
Kotlin,/tmp/clone_directory/zh-hant/codes/kotlin/chapter_computational_complexity/recursion.kt,11,25,42
Ruby,/tmp/clone_directory/zh-hant/codes/ruby/chapter_searching/binary_search_insertion.rb,10,16,42
Rust,/tmp/clone_directory/zh-hant/codes/rust/chapter_array_and_linkedlist/list.rs,12,18,42
Rust,/tmp/clone_directory/zh-hant/codes/rust/chapter_tree/binary_tree_dfs.rs,12,17,42
TypeScript,/tmp/clone_directory/zh-hant/codes/typescript/chapter_sorting/radix_sort.ts,5,21,42
Zig,/tmp/clone_directory/zh-hant/codes/zig/chapter_dynamic_programming/coin_change_ii.zig,7,17,42
Zig,/tmp/clone_directory/zh-hant/codes/zig/chapter_sorting/bubble_sort.zig,7,12,42
Zig,/tmp/clone_directory/zh-hant/codes/zig/chapter_sorting/merge_sort.zig,5,20,42
Markdown,/tmp/clone_directory/zh-hant/docs/chapter_appendix/installation.md,26,0,42
C,/tmp/clone_directory/codes/c/chapter_dynamic_programming/min_cost_climbing_stairs_dp.c,8,13,41
C,/tmp/clone_directory/codes/c/chapter_searching/binary_search_edge.c,7,19,41
C++,/tmp/clone_directory/codes/cpp/chapter_backtracking/n_queens.cpp,8,16,41
C++,/tmp/clone_directory/codes/cpp/chapter_tree/binary_tree_dfs.cpp,10,18,41
C#,/tmp/clone_directory/codes/csharp/chapter_dynamic_programming/unbounded_knapsack.cs,6,17,41
Go,/tmp/clone_directory/codes/go/chapter_backtracking/subset_sum_test.go,12,3,41
Go,/tmp/clone_directory/codes/go/chapter_searching/binary_search_test.go,10,10,41
Java,/tmp/clone_directory/codes/java/chapter_tree/binary_tree_dfs.java,10,17,41
JavaScript,/tmp/clone_directory/codes/javascript/chapter_graph/graph_bfs.js,4,16,41
JavaScript,/tmp/clone_directory/codes/javascript/chapter_hashing/simple_hash.js,9,10,41
JavaScript,/tmp/clone_directory/codes/javascript/chapter_sorting/radix_sort.js,4,21,41
Kotlin,/tmp/clone_directory/codes/kotlin/chapter_dynamic_programming/coin_change_ii.kt,6,19,41
Kotlin,/tmp/clone_directory/codes/kotlin/chapter_sorting/radix_sort.kt,5,22,41
Kotlin,/tmp/clone_directory/codes/kotlin/chapter_stack_and_queue/array_stack.kt,14,20,41
Python,/tmp/clone_directory/codes/python/chapter_graph/graph_bfs.py,7,16,41
Ruby,/tmp/clone_directory/codes/ruby/chapter_graph/graph_bfs.rb,4,16,41
Swift,/tmp/clone_directory/codes/swift/chapter_searching/binary_search.swift,5,16,41
TypeScript,/tmp/clone_directory/codes/typescript/chapter_dynamic_programming/coin_change_ii.ts,6,19,41
TypeScript,/tmp/clone_directory/codes/typescript/chapter_graph/graph_bfs.ts,4,16,41
TypeScript,/tmp/clone_directory/codes/typescript/chapter_hashing/simple_hash.ts,9,10,41
TypeScript,/tmp/clone_directory/codes/typescript/chapter_tree/binary_tree_dfs.ts,10,18,41
Markdown,/tmp/clone_directory/docs/chapter_data_structure/summary.md,25,0,41
Markdown,/tmp/clone_directory/docs/chapter_paperbook/index.md,27,0,41
C++,/tmp/clone_directory/en/codes/cpp/chapter_backtracking/n_queens.cpp,8,16,41
C++,/tmp/clone_directory/en/codes/cpp/chapter_tree/binary_tree_dfs.cpp,10,18,41
Java,/tmp/clone_directory/en/codes/java/chapter_tree/binary_tree_dfs.java,10,17,41
Python,/tmp/clone_directory/en/codes/python/chapter_graph/graph_bfs.py,7,16,41
C,/tmp/clone_directory/zh-hant/codes/c/chapter_dynamic_programming/min_cost_climbing_stairs_dp.c,8,13,41
C,/tmp/clone_directory/zh-hant/codes/c/chapter_searching/binary_search_edge.c,7,19,41
C++,/tmp/clone_directory/zh-hant/codes/cpp/chapter_backtracking/n_queens.cpp,8,16,41
C++,/tmp/clone_directory/zh-hant/codes/cpp/chapter_tree/binary_tree_dfs.cpp,10,18,41
C#,/tmp/clone_directory/zh-hant/codes/csharp/chapter_dynamic_programming/unbounded_knapsack.cs,6,17,41
Go,/tmp/clone_directory/zh-hant/codes/go/chapter_backtracking/subset_sum_test.go,12,3,41
Go,/tmp/clone_directory/zh-hant/codes/go/chapter_searching/binary_search_test.go,10,10,41
Java,/tmp/clone_directory/zh-hant/codes/java/chapter_tree/binary_tree_dfs.java,10,17,41
JavaScript,/tmp/clone_directory/zh-hant/codes/javascript/chapter_graph/graph_bfs.js,4,16,41
JavaScript,/tmp/clone_directory/zh-hant/codes/javascript/chapter_hashing/simple_hash.js,9,10,41
JavaScript,/tmp/clone_directory/zh-hant/codes/javascript/chapter_sorting/radix_sort.js,4,21,41
Kotlin,/tmp/clone_directory/zh-hant/codes/kotlin/chapter_dynamic_programming/coin_change_ii.kt,6,19,41
Kotlin,/tmp/clone_directory/zh-hant/codes/kotlin/chapter_sorting/radix_sort.kt,5,22,41
Kotlin,/tmp/clone_directory/zh-hant/codes/kotlin/chapter_stack_and_queue/array_stack.kt,14,20,41
Python,/tmp/clone_directory/zh-hant/codes/python/chapter_graph/graph_bfs.py,7,16,41
Ruby,/tmp/clone_directory/zh-hant/codes/ruby/chapter_graph/graph_bfs.rb,4,16,41
Swift,/tmp/clone_directory/zh-hant/codes/swift/chapter_searching/binary_search.swift,5,16,41
TypeScript,/tmp/clone_directory/zh-hant/codes/typescript/chapter_dynamic_programming/coin_change_ii.ts,6,19,41
TypeScript,/tmp/clone_directory/zh-hant/codes/typescript/chapter_graph/graph_bfs.ts,4,16,41
TypeScript,/tmp/clone_directory/zh-hant/codes/typescript/chapter_hashing/simple_hash.ts,9,10,41
TypeScript,/tmp/clone_directory/zh-hant/codes/typescript/chapter_tree/binary_tree_dfs.ts,10,18,41
Markdown,/tmp/clone_directory/zh-hant/docs/chapter_data_structure/summary.md,25,0,41
C,/tmp/clone_directory/codes/c/chapter_backtracking/preorder_traversal_ii_compact.c,8,13,40
C,/tmp/clone_directory/codes/c/chapter_backtracking/preorder_traversal_iii_compact.c,8,14,40
C,/tmp/clone_directory/codes/c/chapter_tree/binary_tree_bfs.c,8,25,40
C/C++ Header,/tmp/clone_directory/codes/c/utils/list_node.h,9,10,40
C++,/tmp/clone_directory/codes/cpp/chapter_divide_and_conquer/hanota.cpp,9,17,40
C++,/tmp/clone_directory/codes/cpp/chapter_searching/binary_search_edge.cpp,7,19,40
Dart,/tmp/clone_directory/codes/dart/chapter_dynamic_programming/coin_change_ii.dart,5,19,40
Dart,/tmp/clone_directory/codes/dart/chapter_graph/graph_dfs.dart,5,14,40
Java,/tmp/clone_directory/codes/java/chapter_dynamic_programming/unbounded_knapsack.java,6,17,40
JavaScript,/tmp/clone_directory/codes/javascript/chapter_dynamic_programming/coin_change_ii.js,5,19,40
JavaScript,/tmp/clone_directory/codes/javascript/chapter_dynamic_programming/unbounded_knapsack.js,5,18,40
Ruby,/tmp/clone_directory/codes/ruby/chapter_dynamic_programming/coin_change.rb,5,20,40
Rust,/tmp/clone_directory/codes/rust/chapter_dynamic_programming/coin_change_ii.rs,5,19,40
Rust,/tmp/clone_directory/codes/rust/chapter_sorting/radix_sort.rs,5,18,40
Swift,/tmp/clone_directory/codes/swift/chapter_dynamic_programming/unbounded_knapsack.swift,5,18,40
Zig,/tmp/clone_directory/codes/zig/chapter_tree/binary_tree_bfs.zig,6,11,40
C++,/tmp/clone_directory/en/codes/cpp/chapter_divide_and_conquer/hanota.cpp,9,17,40
C++,/tmp/clone_directory/en/codes/cpp/chapter_searching/binary_search_edge.cpp,7,19,40
Java,/tmp/clone_directory/en/codes/java/chapter_dynamic_programming/unbounded_knapsack.java,6,17,40
C,/tmp/clone_directory/zh-hant/codes/c/chapter_backtracking/preorder_traversal_ii_compact.c,8,13,40
C,/tmp/clone_directory/zh-hant/codes/c/chapter_backtracking/preorder_traversal_iii_compact.c,8,14,40
C,/tmp/clone_directory/zh-hant/codes/c/chapter_tree/binary_tree_bfs.c,8,25,40
C/C++ Header,/tmp/clone_directory/zh-hant/codes/c/utils/list_node.h,9,10,40
C++,/tmp/clone_directory/zh-hant/codes/cpp/chapter_divide_and_conquer/hanota.cpp,9,17,40
C++,/tmp/clone_directory/zh-hant/codes/cpp/chapter_searching/binary_search_edge.cpp,7,19,40
Dart,/tmp/clone_directory/zh-hant/codes/dart/chapter_dynamic_programming/coin_change_ii.dart,5,19,40
Dart,/tmp/clone_directory/zh-hant/codes/dart/chapter_graph/graph_dfs.dart,5,14,40
Java,/tmp/clone_directory/zh-hant/codes/java/chapter_dynamic_programming/unbounded_knapsack.java,6,17,40
JavaScript,/tmp/clone_directory/zh-hant/codes/javascript/chapter_dynamic_programming/coin_change_ii.js,5,19,40
JavaScript,/tmp/clone_directory/zh-hant/codes/javascript/chapter_dynamic_programming/unbounded_knapsack.js,5,18,40
Ruby,/tmp/clone_directory/zh-hant/codes/ruby/chapter_dynamic_programming/coin_change.rb,5,20,40
Rust,/tmp/clone_directory/zh-hant/codes/rust/chapter_dynamic_programming/coin_change_ii.rs,5,19,40
Rust,/tmp/clone_directory/zh-hant/codes/rust/chapter_sorting/radix_sort.rs,5,18,40
Swift,/tmp/clone_directory/zh-hant/codes/swift/chapter_dynamic_programming/unbounded_knapsack.swift,5,18,40
Zig,/tmp/clone_directory/zh-hant/codes/zig/chapter_tree/binary_tree_bfs.zig,6,11,40
C,/tmp/clone_directory/codes/c/chapter_greedy/coin_change_greedy.c,6,15,39
C,/tmp/clone_directory/codes/c/chapter_sorting/merge_sort.c,5,19,39
C++,/tmp/clone_directory/codes/cpp/chapter_dynamic_programming/unbounded_knapsack.cpp,7,18,39
C++,/tmp/clone_directory/codes/cpp/chapter_greedy/coin_change_greedy.cpp,6,15,39
C#,/tmp/clone_directory/codes/csharp/chapter_backtracking/subset_sum_ii.cs,4,17,39
C#,/tmp/clone_directory/codes/csharp/chapter_heap/heap.cs,10,15,39
Go,/tmp/clone_directory/codes/go/chapter_array_and_linkedlist/list_test.go,12,15,39
Go,/tmp/clone_directory/codes/go/chapter_backtracking/n_queens.go,4,14,39
Go,/tmp/clone_directory/codes/go/chapter_dynamic_programming/min_cost_climbing_stairs_dp.go,3,10,39
Go,/tmp/clone_directory/codes/go/chapter_hashing/simple_hash.go,9,7,39
Go,/tmp/clone_directory/codes/go/chapter_stack_and_queue/linkedlist_queue.go,10,12,39
Go,/tmp/clone_directory/codes/go/chapter_stack_and_queue/linkedlist_stack.go,10,12,39
Go,/tmp/clone_directory/codes/go/pkg/vertex.go,6,10,39
Java,/tmp/clone_directory/codes/java/chapter_heap/heap.java,12,15,39
Kotlin,/tmp/clone_directory/codes/kotlin/chapter_backtracking/subset_sum_ii.kt,5,18,39
Kotlin,/tmp/clone_directory/codes/kotlin/chapter_graph/graph_dfs.kt,6,15,39
Python,/tmp/clone_directory/codes/python/chapter_sorting/radix_sort.py,8,22,39
Ruby,/tmp/clone_directory/codes/ruby/chapter_sorting/merge_sort.rb,3,18,39
Rust,/tmp/clone_directory/codes/rust/chapter_graph/graph_dfs.rs,7,15,39
Rust,/tmp/clone_directory/codes/rust/chapter_greedy/fractional_knapsack.rs,5,15,39
Zig,/tmp/clone_directory/codes/zig/chapter_dynamic_programming/unbounded_knapsack.zig,7,16,39
Zig,/tmp/clone_directory/codes/zig/chapter_searching/two_sum.zig,7,12,39
Markdown,/tmp/clone_directory/docs/chapter_sorting/selection_sort.md,19,0,39
C++,/tmp/clone_directory/en/codes/cpp/chapter_dynamic_programming/unbounded_knapsack.cpp,7,18,39
C++,/tmp/clone_directory/en/codes/cpp/chapter_greedy/coin_change_greedy.cpp,6,15,39
Java,/tmp/clone_directory/en/codes/java/chapter_heap/heap.java,12,15,39
Python,/tmp/clone_directory/en/codes/python/chapter_sorting/radix_sort.py,8,22,39
Markdown,/tmp/clone_directory/en/docs/chapter_sorting/selection_sort.md,19,0,39
C,/tmp/clone_directory/zh-hant/codes/c/chapter_greedy/coin_change_greedy.c,6,15,39
C,/tmp/clone_directory/zh-hant/codes/c/chapter_sorting/merge_sort.c,5,19,39
C++,/tmp/clone_directory/zh-hant/codes/cpp/chapter_dynamic_programming/unbounded_knapsack.cpp,7,18,39
C++,/tmp/clone_directory/zh-hant/codes/cpp/chapter_greedy/coin_change_greedy.cpp,6,15,39
C#,/tmp/clone_directory/zh-hant/codes/csharp/chapter_backtracking/subset_sum_ii.cs,4,17,39
C#,/tmp/clone_directory/zh-hant/codes/csharp/chapter_heap/heap.cs,10,15,39
Go,/tmp/clone_directory/zh-hant/codes/go/chapter_array_and_linkedlist/list_test.go,12,15,39
Go,/tmp/clone_directory/zh-hant/codes/go/chapter_backtracking/n_queens.go,4,14,39
Go,/tmp/clone_directory/zh-hant/codes/go/chapter_dynamic_programming/min_cost_climbing_stairs_dp.go,3,10,39
Go,/tmp/clone_directory/zh-hant/codes/go/chapter_hashing/simple_hash.go,9,7,39
Go,/tmp/clone_directory/zh-hant/codes/go/chapter_stack_and_queue/linkedlist_queue.go,10,12,39
Go,/tmp/clone_directory/zh-hant/codes/go/chapter_stack_and_queue/linkedlist_stack.go,10,12,39
Go,/tmp/clone_directory/zh-hant/codes/go/pkg/vertex.go,6,10,39
Java,/tmp/clone_directory/zh-hant/codes/java/chapter_heap/heap.java,12,15,39
Kotlin,/tmp/clone_directory/zh-hant/codes/kotlin/chapter_backtracking/subset_sum_ii.kt,5,18,39
Kotlin,/tmp/clone_directory/zh-hant/codes/kotlin/chapter_graph/graph_dfs.kt,6,15,39
Python,/tmp/clone_directory/zh-hant/codes/python/chapter_sorting/radix_sort.py,8,22,39
Ruby,/tmp/clone_directory/zh-hant/codes/ruby/chapter_sorting/merge_sort.rb,3,18,39
Rust,/tmp/clone_directory/zh-hant/codes/rust/chapter_graph/graph_dfs.rs,7,15,39
Rust,/tmp/clone_directory/zh-hant/codes/rust/chapter_greedy/fractional_knapsack.rs,5,15,39
Zig,/tmp/clone_directory/zh-hant/codes/zig/chapter_dynamic_programming/unbounded_knapsack.zig,7,16,39
Zig,/tmp/clone_directory/zh-hant/codes/zig/chapter_searching/two_sum.zig,7,12,39
Markdown,/tmp/clone_directory/zh-hant/docs/chapter_sorting/selection_sort.md,19,0,39
C,/tmp/clone_directory/codes/c/chapter_divide_and_conquer/build_tree.c,7,16,38
C,/tmp/clone_directory/codes/c/chapter_greedy/fractional_knapsack.c,7,15,38
C,/tmp/clone_directory/codes/c/chapter_sorting/heap_sort.c,6,16,38
C#,/tmp/clone_directory/codes/csharp/chapter_array_and_linkedlist/list.cs,12,16,38
C#,/tmp/clone_directory/codes/csharp/chapter_graph/graph_bfs.cs,6,14,38
C#,/tmp/clone_directory/codes/csharp/chapter_searching/binary_search.cs,6,15,38
Dart,/tmp/clone_directory/codes/dart/chapter_backtracking/subset_sum_ii.dart,5,18,38
Dart,/tmp/clone_directory/codes/dart/chapter_dynamic_programming/unbounded_knapsack.dart,6,18,38
Java,/tmp/clone_directory/codes/java/chapter_greedy/fractional_knapsack.java,7,14,38
Java,/tmp/clone_directory/codes/java/chapter_sorting/bubble_sort.java,6,13,38
Java,/tmp/clone_directory/codes/java/utils/TreeNode.java,9,26,38
JavaScript,/tmp/clone_directory/codes/javascript/chapter_backtracking/preorder_traversal_iii_template.js,10,20,38
Python,/tmp/clone_directory/codes/python/chapter_backtracking/n_queens.py,8,16,38
Ruby,/tmp/clone_directory/codes/ruby/chapter_backtracking/n_queens.rb,7,16,38
Ruby,/tmp/clone_directory/codes/ruby/chapter_backtracking/preorder_traversal_iii_template.rb,11,19,38
Ruby,/tmp/clone_directory/codes/ruby/chapter_dynamic_programming/coin_change_ii.rb,5,20,38
Rust,/tmp/clone_directory/codes/rust/chapter_backtracking/subset_sum_ii.rs,5,18,38
Rust,/tmp/clone_directory/codes/rust/chapter_searching/binary_search.rs,5,22,38
Swift,/tmp/clone_directory/codes/swift/utils/TreeNode.swift,7,26,38
TypeScript,/tmp/clone_directory/codes/typescript/chapter_graph/graph_dfs.ts,5,15,38
Markdown,/tmp/clone_directory/docs/chapter_sorting/bubble_sort.md,21,0,38
Java,/tmp/clone_directory/en/codes/java/chapter_greedy/fractional_knapsack.java,7,14,38
Java,/tmp/clone_directory/en/codes/java/chapter_sorting/bubble_sort.java,6,13,38
Java,/tmp/clone_directory/en/codes/java/utils/TreeNode.java,9,26,38
Python,/tmp/clone_directory/en/codes/python/chapter_backtracking/n_queens.py,8,16,38
Markdown,/tmp/clone_directory/en/docs/chapter_sorting/bubble_sort.md,21,0,38
C,/tmp/clone_directory/zh-hant/codes/c/chapter_divide_and_conquer/build_tree.c,7,16,38
C,/tmp/clone_directory/zh-hant/codes/c/chapter_greedy/fractional_knapsack.c,7,15,38
C,/tmp/clone_directory/zh-hant/codes/c/chapter_sorting/heap_sort.c,6,16,38
C#,/tmp/clone_directory/zh-hant/codes/csharp/chapter_array_and_linkedlist/list.cs,12,16,38
C#,/tmp/clone_directory/zh-hant/codes/csharp/chapter_graph/graph_bfs.cs,6,14,38
C#,/tmp/clone_directory/zh-hant/codes/csharp/chapter_searching/binary_search.cs,6,15,38
Dart,/tmp/clone_directory/zh-hant/codes/dart/chapter_backtracking/subset_sum_ii.dart,5,18,38
Dart,/tmp/clone_directory/zh-hant/codes/dart/chapter_dynamic_programming/unbounded_knapsack.dart,6,18,38
Java,/tmp/clone_directory/zh-hant/codes/java/chapter_greedy/fractional_knapsack.java,7,14,38
Java,/tmp/clone_directory/zh-hant/codes/java/chapter_sorting/bubble_sort.java,6,13,38
Java,/tmp/clone_directory/zh-hant/codes/java/utils/TreeNode.java,9,26,38
JavaScript,/tmp/clone_directory/zh-hant/codes/javascript/chapter_backtracking/preorder_traversal_iii_template.js,10,20,38
Python,/tmp/clone_directory/zh-hant/codes/python/chapter_backtracking/n_queens.py,8,16,38
Ruby,/tmp/clone_directory/zh-hant/codes/ruby/chapter_backtracking/n_queens.rb,7,16,38
Ruby,/tmp/clone_directory/zh-hant/codes/ruby/chapter_backtracking/preorder_traversal_iii_template.rb,11,19,38
Ruby,/tmp/clone_directory/zh-hant/codes/ruby/chapter_dynamic_programming/coin_change_ii.rb,5,20,38
Rust,/tmp/clone_directory/zh-hant/codes/rust/chapter_backtracking/subset_sum_ii.rs,5,18,38
Rust,/tmp/clone_directory/zh-hant/codes/rust/chapter_searching/binary_search.rs,5,22,38
Swift,/tmp/clone_directory/zh-hant/codes/swift/utils/TreeNode.swift,7,26,38
TypeScript,/tmp/clone_directory/zh-hant/codes/typescript/chapter_graph/graph_dfs.ts,5,15,38
Markdown,/tmp/clone_directory/zh-hant/docs/chapter_sorting/bubble_sort.md,21,0,38
C,/tmp/clone_directory/codes/c/chapter_computational_complexity/worst_best_time_complexity.c,5,15,37
C,/tmp/clone_directory/codes/c/chapter_sorting/bucket_sort.c,6,14,37
C++,/tmp/clone_directory/codes/cpp/chapter_backtracking/subset_sum_ii.cpp,7,18,37
C++,/tmp/clone_directory/codes/cpp/chapter_heap/heap.cpp,12,17,37
C++,/tmp/clone_directory/codes/cpp/chapter_sorting/radix_sort.cpp,6,22,37
C#,/tmp/clone_directory/codes/csharp/chapter_dynamic_programming/min_cost_climbing_stairs_dp.cs,6,10,37
C#,/tmp/clone_directory/codes/csharp/chapter_tree/binary_tree_dfs.cs,9,13,37
Dart,/tmp/clone_directory/codes/dart/chapter_computational_complexity/recursion.dart,9,24,37
Go,/tmp/clone_directory/codes/go/chapter_array_and_linkedlist/linked_list.go,6,8,37
Go,/tmp/clone_directory/codes/go/chapter_computational_complexity/iteration.go,6,16,37
Go,/tmp/clone_directory/codes/go/chapter_sorting/merge_sort.go,3,14,37
Go,/tmp/clone_directory/codes/go/chapter_sorting/radix_sort.go,5,18,37
Java,/tmp/clone_directory/codes/java/chapter_array_and_linkedlist/list.java,12,17,37
Java,/tmp/clone_directory/codes/java/chapter_searching/binary_search.java,6,15,37
Java,/tmp/clone_directory/codes/java/chapter_sorting/heap_sort.java,5,15,37
Kotlin,/tmp/clone_directory/codes/kotlin/chapter_heap/heap.kt,13,16,37
Kotlin,/tmp/clone_directory/codes/kotlin/chapter_searching/binary_search.kt,6,16,37
Python,/tmp/clone_directory/codes/python/chapter_heap/heap.py,16,18,37
Ruby,/tmp/clone_directory/codes/ruby/chapter_dynamic_programming/unbounded_knapsack.rb,5,19,37
Rust,/tmp/clone_directory/codes/rust/chapter_backtracking/preorder_traversal_ii_compact.rs,6,11,37
Rust,/tmp/clone_directory/codes/rust/chapter_backtracking/preorder_traversal_iii_compact.rs,6,12,37
Rust,/tmp/clone_directory/codes/rust/chapter_divide_and_conquer/build_tree.rs,5,15,37
Rust,/tmp/clone_directory/codes/rust/chapter_dynamic_programming/unbounded_knapsack.rs,5,18,37
Swift,/tmp/clone_directory/codes/swift/chapter_heap/heap.swift,10,15,37
TypeScript,/tmp/clone_directory/codes/typescript/chapter_backtracking/subset_sum_ii.ts,4,18,37
TypeScript,/tmp/clone_directory/codes/typescript/chapter_searching/binary_search.ts,6,22,37
Zig,/tmp/clone_directory/codes/zig/chapter_dynamic_programming/min_cost_climbing_stairs_dp.zig,7,10,37
C++,/tmp/clone_directory/en/codes/cpp/chapter_backtracking/subset_sum_ii.cpp,7,18,37
C++,/tmp/clone_directory/en/codes/cpp/chapter_heap/heap.cpp,12,17,37
C++,/tmp/clone_directory/en/codes/cpp/chapter_sorting/radix_sort.cpp,6,22,37
Java,/tmp/clone_directory/en/codes/java/chapter_array_and_linkedlist/list.java,12,17,37
Java,/tmp/clone_directory/en/codes/java/chapter_searching/binary_search.java,6,15,37
Java,/tmp/clone_directory/en/codes/java/chapter_sorting/heap_sort.java,5,15,37
Python,/tmp/clone_directory/en/codes/python/chapter_heap/heap.py,16,18,37
C,/tmp/clone_directory/zh-hant/codes/c/chapter_computational_complexity/worst_best_time_complexity.c,5,15,37
C,/tmp/clone_directory/zh-hant/codes/c/chapter_sorting/bucket_sort.c,6,14,37
C++,/tmp/clone_directory/zh-hant/codes/cpp/chapter_backtracking/subset_sum_ii.cpp,7,18,37
C++,/tmp/clone_directory/zh-hant/codes/cpp/chapter_heap/heap.cpp,12,17,37
C++,/tmp/clone_directory/zh-hant/codes/cpp/chapter_sorting/radix_sort.cpp,6,22,37
C#,/tmp/clone_directory/zh-hant/codes/csharp/chapter_dynamic_programming/min_cost_climbing_stairs_dp.cs,6,10,37
C#,/tmp/clone_directory/zh-hant/codes/csharp/chapter_tree/binary_tree_dfs.cs,9,13,37
Dart,/tmp/clone_directory/zh-hant/codes/dart/build.dart,2,0,37
Dart,/tmp/clone_directory/zh-hant/codes/dart/chapter_computational_complexity/recursion.dart,9,24,37
Go,/tmp/clone_directory/zh-hant/codes/go/chapter_array_and_linkedlist/linked_list.go,6,8,37
Go,/tmp/clone_directory/zh-hant/codes/go/chapter_computational_complexity/iteration.go,6,16,37
Go,/tmp/clone_directory/zh-hant/codes/go/chapter_sorting/merge_sort.go,3,14,37
Go,/tmp/clone_directory/zh-hant/codes/go/chapter_sorting/radix_sort.go,5,18,37
Java,/tmp/clone_directory/zh-hant/codes/java/chapter_array_and_linkedlist/list.java,12,17,37
Java,/tmp/clone_directory/zh-hant/codes/java/chapter_searching/binary_search.java,6,15,37
Java,/tmp/clone_directory/zh-hant/codes/java/chapter_sorting/heap_sort.java,5,15,37
Kotlin,/tmp/clone_directory/zh-hant/codes/kotlin/chapter_heap/heap.kt,13,16,37
Kotlin,/tmp/clone_directory/zh-hant/codes/kotlin/chapter_searching/binary_search.kt,6,16,37
Python,/tmp/clone_directory/zh-hant/codes/python/chapter_heap/heap.py,16,18,37
Ruby,/tmp/clone_directory/zh-hant/codes/ruby/chapter_dynamic_programming/unbounded_knapsack.rb,5,19,37
Rust,/tmp/clone_directory/zh-hant/codes/rust/chapter_backtracking/preorder_traversal_ii_compact.rs,6,11,37
Rust,/tmp/clone_directory/zh-hant/codes/rust/chapter_backtracking/preorder_traversal_iii_compact.rs,6,12,37
Rust,/tmp/clone_directory/zh-hant/codes/rust/chapter_divide_and_conquer/build_tree.rs,5,15,37
Rust,/tmp/clone_directory/zh-hant/codes/rust/chapter_dynamic_programming/unbounded_knapsack.rs,5,18,37
Swift,/tmp/clone_directory/zh-hant/codes/swift/chapter_heap/heap.swift,10,15,37
TypeScript,/tmp/clone_directory/zh-hant/codes/typescript/chapter_backtracking/subset_sum_ii.ts,4,18,37
TypeScript,/tmp/clone_directory/zh-hant/codes/typescript/chapter_searching/binary_search.ts,6,22,37
Zig,/tmp/clone_directory/zh-hant/codes/zig/chapter_dynamic_programming/min_cost_climbing_stairs_dp.zig,7,10,37
C,/tmp/clone_directory/codes/c/chapter_searching/binary_search.c,7,16,36
C++,/tmp/clone_directory/codes/cpp/chapter_graph/graph_bfs.cpp,6,17,36
C++,/tmp/clone_directory/codes/cpp/chapter_searching/binary_search.cpp,7,16,36
C#,/tmp/clone_directory/codes/csharp/chapter_backtracking/permutations_ii.cs,6,13,36
C#,/tmp/clone_directory/codes/csharp/chapter_backtracking/subset_sum_i.cs,4,15,36
C#,/tmp/clone_directory/codes/csharp/chapter_backtracking/subset_sum_i_naive.cs,4,13,36
C#,/tmp/clone_directory/codes/csharp/chapter_divide_and_conquer/hanota.cs,7,16,36
Dart,/tmp/clone_directory/codes/dart/chapter_searching/binary_search.dart,5,22,36
Go,/tmp/clone_directory/codes/go/chapter_dynamic_programming/coin_change_ii.go,3,15,36
Java,/tmp/clone_directory/codes/java/chapter_backtracking/subset_sum_ii.java,7,17,36
Java,/tmp/clone_directory/codes/java/chapter_dynamic_programming/min_cost_climbing_stairs_dp.java,7,10,36
Java,/tmp/clone_directory/codes/java/chapter_sorting/merge_sort.java,5,17,36
Kotlin,/tmp/clone_directory/codes/kotlin/chapter_backtracking/subset_sum_i.kt,6,16,36
Kotlin,/tmp/clone_directory/codes/kotlin/chapter_backtracking/subset_sum_i_naive.kt,5,14,36
Kotlin,/tmp/clone_directory/codes/kotlin/chapter_tree/binary_tree_dfs.kt,10,18,36
Kotlin,/tmp/clone_directory/codes/kotlin/utils/TreeNode.kt,7,26,36
Python,/tmp/clone_directory/codes/python/chapter_computational_complexity/iteration.py,13,16,36
Python,/tmp/clone_directory/codes/python/chapter_stack_and_queue/array_stack.py,16,20,36
Ruby,/tmp/clone_directory/codes/ruby/chapter_computational_complexity/recursion.rb,11,23,36
Ruby,/tmp/clone_directory/codes/ruby/chapter_searching/binary_search.rb,11,16,36
Rust,/tmp/clone_directory/codes/rust/chapter_hashing/build_in_hash.rs,8,6,36
Swift,/tmp/clone_directory/codes/swift/chapter_array_and_linkedlist/list.swift,10,17,36
Swift,/tmp/clone_directory/codes/swift/chapter_graph/graph_bfs.swift,4,16,36
Swift,/tmp/clone_directory/codes/swift/chapter_sorting/heap_sort.swift,3,16,36
TypeScript,/tmp/clone_directory/codes/typescript/chapter_computational_complexity/recursion.ts,10,24,36
Zig,/tmp/clone_directory/codes/zig/include/ListNode.zig,6,7,36
C++,/tmp/clone_directory/en/codes/cpp/chapter_graph/graph_bfs.cpp,6,17,36
C++,/tmp/clone_directory/en/codes/cpp/chapter_searching/binary_search.cpp,7,16,36
Java,/tmp/clone_directory/en/codes/java/chapter_backtracking/subset_sum_ii.java,7,17,36
Java,/tmp/clone_directory/en/codes/java/chapter_dynamic_programming/min_cost_climbing_stairs_dp.java,7,10,36
Java,/tmp/clone_directory/en/codes/java/chapter_sorting/merge_sort.java,5,17,36
Python,/tmp/clone_directory/en/codes/python/chapter_computational_complexity/iteration.py,13,16,36
Python,/tmp/clone_directory/en/codes/python/chapter_stack_and_queue/array_stack.py,16,20,36
C,/tmp/clone_directory/zh-hant/codes/c/chapter_searching/binary_search.c,7,16,36
C++,/tmp/clone_directory/zh-hant/codes/cpp/chapter_graph/graph_bfs.cpp,6,17,36
C++,/tmp/clone_directory/zh-hant/codes/cpp/chapter_searching/binary_search.cpp,7,16,36
C#,/tmp/clone_directory/zh-hant/codes/csharp/chapter_backtracking/permutations_ii.cs,6,13,36
C#,/tmp/clone_directory/zh-hant/codes/csharp/chapter_backtracking/subset_sum_i.cs,4,15,36
C#,/tmp/clone_directory/zh-hant/codes/csharp/chapter_backtracking/subset_sum_i_naive.cs,4,13,36
C#,/tmp/clone_directory/zh-hant/codes/csharp/chapter_divide_and_conquer/hanota.cs,7,16,36
Dart,/tmp/clone_directory/zh-hant/codes/dart/chapter_searching/binary_search.dart,5,22,36
Go,/tmp/clone_directory/zh-hant/codes/go/chapter_dynamic_programming/coin_change_ii.go,3,15,36
Java,/tmp/clone_directory/zh-hant/codes/java/chapter_backtracking/subset_sum_ii.java,7,17,36
Java,/tmp/clone_directory/zh-hant/codes/java/chapter_dynamic_programming/min_cost_climbing_stairs_dp.java,7,10,36
Java,/tmp/clone_directory/zh-hant/codes/java/chapter_sorting/merge_sort.java,5,17,36
Kotlin,/tmp/clone_directory/zh-hant/codes/kotlin/chapter_backtracking/subset_sum_i.kt,6,16,36
Kotlin,/tmp/clone_directory/zh-hant/codes/kotlin/chapter_backtracking/subset_sum_i_naive.kt,5,14,36
Kotlin,/tmp/clone_directory/zh-hant/codes/kotlin/chapter_tree/binary_tree_dfs.kt,10,18,36
Kotlin,/tmp/clone_directory/zh-hant/codes/kotlin/utils/TreeNode.kt,7,26,36
Python,/tmp/clone_directory/zh-hant/codes/python/chapter_computational_complexity/iteration.py,13,16,36
Python,/tmp/clone_directory/zh-hant/codes/python/chapter_stack_and_queue/array_stack.py,16,20,36
Ruby,/tmp/clone_directory/zh-hant/codes/ruby/chapter_computational_complexity/recursion.rb,11,23,36
Ruby,/tmp/clone_directory/zh-hant/codes/ruby/chapter_searching/binary_search.rb,11,16,36
Rust,/tmp/clone_directory/zh-hant/codes/rust/chapter_hashing/build_in_hash.rs,8,6,36
Swift,/tmp/clone_directory/zh-hant/codes/swift/chapter_array_and_linkedlist/list.swift,10,17,36
Swift,/tmp/clone_directory/zh-hant/codes/swift/chapter_graph/graph_bfs.swift,4,16,36
Swift,/tmp/clone_directory/zh-hant/codes/swift/chapter_sorting/heap_sort.swift,3,16,36
TypeScript,/tmp/clone_directory/zh-hant/codes/typescript/chapter_computational_complexity/recursion.ts,10,24,36
Zig,/tmp/clone_directory/zh-hant/codes/zig/include/ListNode.zig,6,7,36
YAML,/tmp/clone_directory/.github/workflows/python.yml,4,2,35
C++,/tmp/clone_directory/codes/cpp/chapter_backtracking/permutations_ii.cpp,7,14,35
C++,/tmp/clone_directory/codes/cpp/chapter_dynamic_programming/min_cost_climbing_stairs_dp.cpp,7,11,35
C++,/tmp/clone_directory/codes/cpp/chapter_sorting/merge_sort.cpp,5,18,35
C#,/tmp/clone_directory/codes/csharp/chapter_greedy/coin_change_greedy.cs,5,14,35
C#,/tmp/clone_directory/codes/csharp/chapter_sorting/merge_sort.cs,4,17,35
C#,/tmp/clone_directory/codes/csharp/utils/TreeNode.cs,7,25,35
Dart,/tmp/clone_directory/codes/dart/chapter_backtracking/subset_sum_i.dart,5,16,35
Dart,/tmp/clone_directory/codes/dart/chapter_backtracking/subset_sum_i_naive.dart,5,14,35
Dart,/tmp/clone_directory/codes/dart/chapter_divide_and_conquer/build_tree.dart,5,15,35
Dart,/tmp/clone_directory/codes/dart/chapter_tree/binary_tree_dfs.dart,9,18,35
Go,/tmp/clone_directory/codes/go/chapter_computational_complexity/time_complexity_test.go,10,3,35
Go,/tmp/clone_directory/codes/go/chapter_dynamic_programming/knapsack_test.go,10,9,35
Go,/tmp/clone_directory/codes/go/chapter_hashing/hash_collision_test.go,10,17,35
Go,/tmp/clone_directory/codes/go/chapter_tree/avl_tree_test.go,9,10,35
Java,/tmp/clone_directory/codes/java/chapter_backtracking/preorder_traversal_ii_compact.java,7,10,35
Java,/tmp/clone_directory/codes/java/chapter_backtracking/preorder_traversal_iii_compact.java,7,11,35
Java,/tmp/clone_directory/codes/java/chapter_divide_and_conquer/hanota.java,8,16,35
Java,/tmp/clone_directory/codes/java/chapter_graph/graph_bfs.java,5,15,35
Java,/tmp/clone_directory/codes/java/chapter_greedy/coin_change_greedy.java,6,14,35
JavaScript,/tmp/clone_directory/codes/javascript/chapter_computational_complexity/recursion.js,10,24,35
Kotlin,/tmp/clone_directory/codes/kotlin/chapter_backtracking/permutations_ii.kt,5,14,35
Kotlin,/tmp/clone_directory/codes/kotlin/chapter_sorting/heap_sort.kt,4,16,35
Python,/tmp/clone_directory/codes/python/chapter_tree/binary_tree_dfs.py,13,17,35
Ruby,/tmp/clone_directory/codes/ruby/chapter_hashing/simple_hash.rb,17,10,35
Ruby,/tmp/clone_directory/codes/ruby/chapter_sorting/counting_sort.rb,5,22,35
Rust,/tmp/clone_directory/codes/rust/chapter_backtracking/subset_sum_i.rs,5,16,35
Rust,/tmp/clone_directory/codes/rust/chapter_backtracking/subset_sum_i_naive.rs,5,14,35
Rust,/tmp/clone_directory/codes/rust/chapter_dynamic_programming/min_cost_climbing_stairs_dp.rs,6,11,35
Rust,/tmp/clone_directory/codes/rust/chapter_greedy/coin_change_greedy.rs,4,15,35
Swift,/tmp/clone_directory/codes/swift/chapter_backtracking/subset_sum_ii.swift,5,18,35
Swift,/tmp/clone_directory/codes/swift/chapter_dynamic_programming/min_cost_climbing_stairs_dp.swift,5,11,35
Swift,/tmp/clone_directory/codes/swift/chapter_greedy/coin_change_greedy.swift,4,15,35
Zig,/tmp/clone_directory/codes/zig/chapter_searching/hashing_search.zig,8,14,35
Markdown,/tmp/clone_directory/docs/chapter_introduction/algorithms_are_everywhere.md,21,0,35
C++,/tmp/clone_directory/en/codes/cpp/chapter_backtracking/permutations_ii.cpp,7,14,35
C++,/tmp/clone_directory/en/codes/cpp/chapter_dynamic_programming/min_cost_climbing_stairs_dp.cpp,7,11,35
C++,/tmp/clone_directory/en/codes/cpp/chapter_sorting/merge_sort.cpp,5,18,35
Java,/tmp/clone_directory/en/codes/java/chapter_backtracking/preorder_traversal_ii_compact.java,7,10,35
Java,/tmp/clone_directory/en/codes/java/chapter_backtracking/preorder_traversal_iii_compact.java,7,11,35
Java,/tmp/clone_directory/en/codes/java/chapter_divide_and_conquer/hanota.java,8,16,35
Java,/tmp/clone_directory/en/codes/java/chapter_graph/graph_bfs.java,5,15,35
Java,/tmp/clone_directory/en/codes/java/chapter_greedy/coin_change_greedy.java,6,14,35
Python,/tmp/clone_directory/en/codes/python/chapter_tree/binary_tree_dfs.py,13,17,35
Markdown,/tmp/clone_directory/en/docs/chapter_introduction/algorithms_are_everywhere.md,21,0,35
C++,/tmp/clone_directory/zh-hant/codes/cpp/chapter_backtracking/permutations_ii.cpp,7,14,35
C++,/tmp/clone_directory/zh-hant/codes/cpp/chapter_dynamic_programming/min_cost_climbing_stairs_dp.cpp,7,11,35
C++,/tmp/clone_directory/zh-hant/codes/cpp/chapter_sorting/merge_sort.cpp,5,18,35
C#,/tmp/clone_directory/zh-hant/codes/csharp/chapter_greedy/coin_change_greedy.cs,5,14,35
C#,/tmp/clone_directory/zh-hant/codes/csharp/chapter_sorting/merge_sort.cs,4,17,35
C#,/tmp/clone_directory/zh-hant/codes/csharp/utils/TreeNode.cs,7,25,35
Dart,/tmp/clone_directory/zh-hant/codes/dart/chapter_backtracking/subset_sum_i.dart,5,16,35
Dart,/tmp/clone_directory/zh-hant/codes/dart/chapter_backtracking/subset_sum_i_naive.dart,5,14,35
Dart,/tmp/clone_directory/zh-hant/codes/dart/chapter_divide_and_conquer/build_tree.dart,5,15,35
Dart,/tmp/clone_directory/zh-hant/codes/dart/chapter_tree/binary_tree_dfs.dart,9,18,35
Go,/tmp/clone_directory/zh-hant/codes/go/chapter_computational_complexity/time_complexity_test.go,10,3,35
Go,/tmp/clone_directory/zh-hant/codes/go/chapter_dynamic_programming/knapsack_test.go,10,9,35
Go,/tmp/clone_directory/zh-hant/codes/go/chapter_hashing/hash_collision_test.go,10,17,35
Go,/tmp/clone_directory/zh-hant/codes/go/chapter_tree/avl_tree_test.go,9,10,35
Java,/tmp/clone_directory/zh-hant/codes/java/chapter_backtracking/preorder_traversal_ii_compact.java,7,10,35
Java,/tmp/clone_directory/zh-hant/codes/java/chapter_backtracking/preorder_traversal_iii_compact.java,7,11,35
Java,/tmp/clone_directory/zh-hant/codes/java/chapter_divide_and_conquer/hanota.java,8,16,35
Java,/tmp/clone_directory/zh-hant/codes/java/chapter_graph/graph_bfs.java,5,15,35
Java,/tmp/clone_directory/zh-hant/codes/java/chapter_greedy/coin_change_greedy.java,6,14,35
JavaScript,/tmp/clone_directory/zh-hant/codes/javascript/chapter_computational_complexity/recursion.js,10,24,35
Kotlin,/tmp/clone_directory/zh-hant/codes/kotlin/chapter_backtracking/permutations_ii.kt,5,14,35
Kotlin,/tmp/clone_directory/zh-hant/codes/kotlin/chapter_sorting/heap_sort.kt,4,16,35
Python,/tmp/clone_directory/zh-hant/codes/python/chapter_tree/binary_tree_dfs.py,13,17,35
Ruby,/tmp/clone_directory/zh-hant/codes/ruby/chapter_hashing/simple_hash.rb,17,10,35
Ruby,/tmp/clone_directory/zh-hant/codes/ruby/chapter_sorting/counting_sort.rb,5,22,35
Rust,/tmp/clone_directory/zh-hant/codes/rust/chapter_backtracking/subset_sum_i.rs,5,16,35
Rust,/tmp/clone_directory/zh-hant/codes/rust/chapter_backtracking/subset_sum_i_naive.rs,5,14,35
Rust,/tmp/clone_directory/zh-hant/codes/rust/chapter_dynamic_programming/min_cost_climbing_stairs_dp.rs,6,11,35
Rust,/tmp/clone_directory/zh-hant/codes/rust/chapter_greedy/coin_change_greedy.rs,4,15,35
Swift,/tmp/clone_directory/zh-hant/codes/swift/chapter_backtracking/subset_sum_ii.swift,5,18,35
Swift,/tmp/clone_directory/zh-hant/codes/swift/chapter_dynamic_programming/min_cost_climbing_stairs_dp.swift,5,11,35
Swift,/tmp/clone_directory/zh-hant/codes/swift/chapter_greedy/coin_change_greedy.swift,4,15,35
Zig,/tmp/clone_directory/zh-hant/codes/zig/chapter_searching/hashing_search.zig,8,14,35
Markdown,/tmp/clone_directory/zh-hant/docs/chapter_introduction/algorithms_are_everywhere.md,21,0,35
C++,/tmp/clone_directory/codes/cpp/chapter_backtracking/subset_sum_i.cpp,7,16,34
C++,/tmp/clone_directory/codes/cpp/chapter_greedy/fractional_knapsack.cpp,7,15,34
C++,/tmp/clone_directory/codes/cpp/chapter_sorting/bubble_sort.cpp,6,16,34
C#,/tmp/clone_directory/codes/csharp/chapter_backtracking/permutations_i.cs,6,13,34
C#,/tmp/clone_directory/codes/csharp/chapter_graph/graph_dfs.cs,6,14,34
Dart,/tmp/clone_directory/codes/dart/chapter_backtracking/permutations_ii.dart,5,14,34
Go,/tmp/clone_directory/codes/go/chapter_computational_complexity/recursion.go,6,21,34
JavaScript,/tmp/clone_directory/codes/javascript/chapter_backtracking/n_queens.js,5,16,34
Kotlin,/tmp/clone_directory/codes/kotlin/chapter_divide_and_conquer/build_tree.kt,6,15,34
Kotlin,/tmp/clone_directory/codes/kotlin/chapter_sorting/bubble_sort.kt,5,14,34
Kotlin,/tmp/clone_directory/codes/kotlin/chapter_sorting/merge_sort.kt,4,18,34
Python,/tmp/clone_directory/codes/python/chapter_hashing/simple_hash.py,14,10,34
Python,/tmp/clone_directory/codes/python/chapter_sorting/counting_sort.py,8,22,34
Ruby,/tmp/clone_directory/codes/ruby/chapter_graph/graph_dfs.rb,5,15,34
Ruby,/tmp/clone_directory/codes/ruby/chapter_tree/binary_tree_dfs.rb,11,17,34
Rust,/tmp/clone_directory/codes/rust/chapter_sorting/bubble_sort.rs,5,14,34
Rust,/tmp/clone_directory/codes/rust/chapter_sorting/heap_sort.rs,4,16,34
Swift,/tmp/clone_directory/codes/swift/chapter_backtracking/preorder_traversal_ii_compact.swift,6,11,34
Swift,/tmp/clone_directory/codes/swift/chapter_backtracking/preorder_traversal_iii_compact.swift,6,12,34
Swift,/tmp/clone_directory/codes/swift/chapter_divide_and_conquer/hanota.swift,6,18,34
Swift,/tmp/clone_directory/codes/swift/chapter_graph/graph_dfs.swift,5,15,34
Swift,/tmp/clone_directory/codes/swift/chapter_greedy/fractional_knapsack.swift,5,18,34
Swift,/tmp/clone_directory/codes/swift/chapter_sorting/bubble_sort.swift,4,13,34
TypeScript,/tmp/clone_directory/codes/typescript/chapter_backtracking/subset_sum_i.ts,4,16,34
TypeScript,/tmp/clone_directory/codes/typescript/chapter_backtracking/subset_sum_i_naive.ts,4,14,34
TypeScript,/tmp/clone_directory/codes/typescript/chapter_dynamic_programming/min_cost_climbing_stairs_dp.ts,6,11,34
Zig,/tmp/clone_directory/codes/zig/chapter_dynamic_programming/climbing_stairs_dp.zig,7,10,34
Zig,/tmp/clone_directory/codes/zig/chapter_searching/linear_search.zig,7,13,34
C++,/tmp/clone_directory/en/codes/cpp/chapter_backtracking/subset_sum_i.cpp,7,16,34
C++,/tmp/clone_directory/en/codes/cpp/chapter_greedy/fractional_knapsack.cpp,7,15,34
C++,/tmp/clone_directory/en/codes/cpp/chapter_sorting/bubble_sort.cpp,6,16,34
Python,/tmp/clone_directory/en/codes/python/chapter_hashing/simple_hash.py,14,10,34
Python,/tmp/clone_directory/en/codes/python/chapter_sorting/counting_sort.py,8,22,34
SVG,/tmp/clone_directory/overrides/assets/images/logo.svg,2,0,34
C++,/tmp/clone_directory/zh-hant/codes/cpp/chapter_backtracking/subset_sum_i.cpp,7,16,34
C++,/tmp/clone_directory/zh-hant/codes/cpp/chapter_greedy/fractional_knapsack.cpp,7,15,34
C++,/tmp/clone_directory/zh-hant/codes/cpp/chapter_sorting/bubble_sort.cpp,6,16,34
C#,/tmp/clone_directory/zh-hant/codes/csharp/chapter_backtracking/permutations_i.cs,6,13,34
C#,/tmp/clone_directory/zh-hant/codes/csharp/chapter_graph/graph_dfs.cs,6,14,34
Dart,/tmp/clone_directory/zh-hant/codes/dart/chapter_backtracking/permutations_ii.dart,5,14,34
Go,/tmp/clone_directory/zh-hant/codes/go/chapter_computational_complexity/recursion.go,6,21,34
JavaScript,/tmp/clone_directory/zh-hant/codes/javascript/chapter_backtracking/n_queens.js,5,16,34
Kotlin,/tmp/clone_directory/zh-hant/codes/kotlin/chapter_divide_and_conquer/build_tree.kt,6,15,34
Kotlin,/tmp/clone_directory/zh-hant/codes/kotlin/chapter_sorting/bubble_sort.kt,5,14,34
Kotlin,/tmp/clone_directory/zh-hant/codes/kotlin/chapter_sorting/merge_sort.kt,4,18,34
Python,/tmp/clone_directory/zh-hant/codes/python/chapter_hashing/simple_hash.py,14,10,34
Python,/tmp/clone_directory/zh-hant/codes/python/chapter_sorting/counting_sort.py,8,22,34
Ruby,/tmp/clone_directory/zh-hant/codes/ruby/chapter_graph/graph_dfs.rb,5,15,34
Ruby,/tmp/clone_directory/zh-hant/codes/ruby/chapter_tree/binary_tree_dfs.rb,11,17,34
Rust,/tmp/clone_directory/zh-hant/codes/rust/chapter_sorting/bubble_sort.rs,5,14,34
Rust,/tmp/clone_directory/zh-hant/codes/rust/chapter_sorting/heap_sort.rs,4,16,34
Swift,/tmp/clone_directory/zh-hant/codes/swift/chapter_backtracking/preorder_traversal_ii_compact.swift,6,11,34
Swift,/tmp/clone_directory/zh-hant/codes/swift/chapter_backtracking/preorder_traversal_iii_compact.swift,6,12,34
Swift,/tmp/clone_directory/zh-hant/codes/swift/chapter_divide_and_conquer/hanota.swift,6,18,34
Swift,/tmp/clone_directory/zh-hant/codes/swift/chapter_graph/graph_dfs.swift,5,15,34
Swift,/tmp/clone_directory/zh-hant/codes/swift/chapter_greedy/fractional_knapsack.swift,5,18,34
Swift,/tmp/clone_directory/zh-hant/codes/swift/chapter_sorting/bubble_sort.swift,4,13,34
TypeScript,/tmp/clone_directory/zh-hant/codes/typescript/chapter_backtracking/subset_sum_i.ts,4,16,34
TypeScript,/tmp/clone_directory/zh-hant/codes/typescript/chapter_backtracking/subset_sum_i_naive.ts,4,14,34
TypeScript,/tmp/clone_directory/zh-hant/codes/typescript/chapter_dynamic_programming/min_cost_climbing_stairs_dp.ts,6,11,34
Zig,/tmp/clone_directory/zh-hant/codes/zig/chapter_dynamic_programming/climbing_stairs_dp.zig,7,10,34
Zig,/tmp/clone_directory/zh-hant/codes/zig/chapter_searching/linear_search.zig,7,13,34
C,/tmp/clone_directory/codes/c/chapter_dynamic_programming/climbing_stairs_dp.c,7,11,33
C,/tmp/clone_directory/codes/c/chapter_graph/graph_adjacency_list_test.c,7,15,33
C++,/tmp/clone_directory/codes/cpp/chapter_backtracking/permutations_i.cpp,7,14,33
C++,/tmp/clone_directory/codes/cpp/chapter_backtracking/subset_sum_i_naive.cpp,7,14,33
C++,/tmp/clone_directory/codes/cpp/chapter_searching/two_sum.cpp,6,15,33
C++,/tmp/clone_directory/codes/cpp/chapter_sorting/heap_sort.cpp,5,16,33
C#,/tmp/clone_directory/codes/csharp/chapter_dynamic_programming/climbing_stairs_dp.cs,6,10,33
C#,/tmp/clone_directory/codes/csharp/chapter_greedy/fractional_knapsack.cs,5,14,33
C#,/tmp/clone_directory/codes/csharp/chapter_searching/two_sum.cs,5,14,33
C#,/tmp/clone_directory/codes/csharp/chapter_sorting/bubble_sort.cs,5,13,33
C#,/tmp/clone_directory/codes/csharp/chapter_sorting/heap_sort.cs,4,15,33
Dart,/tmp/clone_directory/codes/dart/chapter_array_and_linkedlist/list.dart,11,18,33
Dart,/tmp/clone_directory/codes/dart/chapter_sorting/bubble_sort.dart,4,14,33
Dart,/tmp/clone_directory/codes/dart/utils/tree_node.dart,6,11,33
Go,/tmp/clone_directory/codes/go/chapter_backtracking/preorder_traversal_iii_template.go,8,16,33
Go,/tmp/clone_directory/codes/go/chapter_dynamic_programming/unbounded_knapsack.go,4,13,33
Go,/tmp/clone_directory/codes/go/chapter_stack_and_queue/array_stack.go,9,13,33
Java,/tmp/clone_directory/codes/java/chapter_backtracking/permutations_ii.java,7,13,33
Java,/tmp/clone_directory/codes/java/chapter_backtracking/subset_sum_i.java,7,15,33
Java,/tmp/clone_directory/codes/java/chapter_backtracking/subset_sum_i_naive.java,7,13,33
Java,/tmp/clone_directory/codes/java/chapter_searching/two_sum.java,6,14,33
JavaScript,/tmp/clone_directory/codes/javascript/chapter_dynamic_programming/min_cost_climbing_stairs_dp.js,5,11,33
JavaScript,/tmp/clone_directory/codes/javascript/chapter_graph/graph_dfs.js,5,16,33
JavaScript,/tmp/clone_directory/codes/javascript/chapter_tree/binary_tree_dfs.js,9,18,33
Kotlin,/tmp/clone_directory/codes/kotlin/chapter_array_and_linkedlist/list.kt,12,18,33
Kotlin,/tmp/clone_directory/codes/kotlin/chapter_backtracking/permutations_i.kt,6,14,33
Kotlin,/tmp/clone_directory/codes/kotlin/chapter_backtracking/preorder_traversal_ii_compact.kt,7,11,33
Kotlin,/tmp/clone_directory/codes/kotlin/chapter_backtracking/preorder_traversal_iii_compact.kt,7,12,33
Kotlin,/tmp/clone_directory/codes/kotlin/chapter_dynamic_programming/min_cost_climbing_stairs_dp.kt,7,11,33
Kotlin,/tmp/clone_directory/codes/kotlin/chapter_greedy/coin_change_greedy.kt,5,15,33
Python,/tmp/clone_directory/codes/python/chapter_backtracking/preorder_traversal_iii_template.py,18,20,33
Python,/tmp/clone_directory/codes/python/chapter_graph/graph_dfs.py,9,15,33
Python,/tmp/clone_directory/codes/python/chapter_searching/binary_search_insertion.py,7,14,33
Ruby,/tmp/clone_directory/codes/ruby/chapter_array_and_linkedlist/list.rb,11,16,33
Ruby,/tmp/clone_directory/codes/ruby/chapter_heap/top_k.rb,11,20,33
Rust,/tmp/clone_directory/codes/rust/chapter_searching/linear_search.rs,7,16,33
Rust,/tmp/clone_directory/codes/rust/chapter_searching/two_sum.rs,6,14,33
Swift,/tmp/clone_directory/codes/swift/chapter_backtracking/permutations_ii.swift,5,14,33
Swift,/tmp/clone_directory/codes/swift/chapter_dynamic_programming/climbing_stairs_dp.swift,5,11,33
TypeScript,/tmp/clone_directory/codes/typescript/chapter_sorting/merge_sort.ts,4,17,33
Zig,/tmp/clone_directory/codes/zig/chapter_stack_and_queue/deque.zig,8,10,33
Markdown,/tmp/clone_directory/docs/chapter_introduction/what_is_dsa.md,20,0,33
Markdown,/tmp/clone_directory/docs/chapter_tree/summary.md,21,0,33
C++,/tmp/clone_directory/en/codes/cpp/chapter_backtracking/permutations_i.cpp,7,14,33
C++,/tmp/clone_directory/en/codes/cpp/chapter_backtracking/subset_sum_i_naive.cpp,7,14,33
C++,/tmp/clone_directory/en/codes/cpp/chapter_searching/two_sum.cpp,6,15,33
C++,/tmp/clone_directory/en/codes/cpp/chapter_sorting/heap_sort.cpp,5,16,33
Java,/tmp/clone_directory/en/codes/java/chapter_backtracking/permutations_ii.java,7,13,33
Java,/tmp/clone_directory/en/codes/java/chapter_backtracking/subset_sum_i.java,7,15,33
Java,/tmp/clone_directory/en/codes/java/chapter_backtracking/subset_sum_i_naive.java,7,13,33
Java,/tmp/clone_directory/en/codes/java/chapter_searching/two_sum.java,6,14,33
Python,/tmp/clone_directory/en/codes/python/chapter_backtracking/preorder_traversal_iii_template.py,18,20,33
Python,/tmp/clone_directory/en/codes/python/chapter_graph/graph_dfs.py,9,15,33
Python,/tmp/clone_directory/en/codes/python/chapter_searching/binary_search_insertion.py,7,14,33
Markdown,/tmp/clone_directory/en/docs/chapter_introduction/what_is_dsa.md,20,0,33
Markdown,/tmp/clone_directory/en/docs/chapter_tree/summary.md,21,0,33
C,/tmp/clone_directory/zh-hant/codes/c/chapter_dynamic_programming/climbing_stairs_dp.c,7,11,33
C,/tmp/clone_directory/zh-hant/codes/c/chapter_graph/graph_adjacency_list_test.c,7,15,33
C++,/tmp/clone_directory/zh-hant/codes/cpp/chapter_backtracking/permutations_i.cpp,7,14,33
C++,/tmp/clone_directory/zh-hant/codes/cpp/chapter_backtracking/subset_sum_i_naive.cpp,7,14,33
C++,/tmp/clone_directory/zh-hant/codes/cpp/chapter_searching/two_sum.cpp,6,15,33
C++,/tmp/clone_directory/zh-hant/codes/cpp/chapter_sorting/heap_sort.cpp,5,16,33
C#,/tmp/clone_directory/zh-hant/codes/csharp/chapter_dynamic_programming/climbing_stairs_dp.cs,6,10,33
C#,/tmp/clone_directory/zh-hant/codes/csharp/chapter_greedy/fractional_knapsack.cs,5,14,33
C#,/tmp/clone_directory/zh-hant/codes/csharp/chapter_searching/two_sum.cs,5,14,33
C#,/tmp/clone_directory/zh-hant/codes/csharp/chapter_sorting/bubble_sort.cs,5,13,33
C#,/tmp/clone_directory/zh-hant/codes/csharp/chapter_sorting/heap_sort.cs,4,15,33
Dart,/tmp/clone_directory/zh-hant/codes/dart/chapter_array_and_linkedlist/list.dart,11,18,33
Dart,/tmp/clone_directory/zh-hant/codes/dart/chapter_sorting/bubble_sort.dart,4,14,33
Dart,/tmp/clone_directory/zh-hant/codes/dart/utils/tree_node.dart,6,11,33
Go,/tmp/clone_directory/zh-hant/codes/go/chapter_backtracking/preorder_traversal_iii_template.go,8,16,33
Go,/tmp/clone_directory/zh-hant/codes/go/chapter_dynamic_programming/unbounded_knapsack.go,4,13,33
Go,/tmp/clone_directory/zh-hant/codes/go/chapter_stack_and_queue/array_stack.go,9,13,33
Java,/tmp/clone_directory/zh-hant/codes/java/chapter_backtracking/permutations_ii.java,7,13,33
Java,/tmp/clone_directory/zh-hant/codes/java/chapter_backtracking/subset_sum_i.java,7,15,33
Java,/tmp/clone_directory/zh-hant/codes/java/chapter_backtracking/subset_sum_i_naive.java,7,13,33
Java,/tmp/clone_directory/zh-hant/codes/java/chapter_searching/two_sum.java,6,14,33
JavaScript,/tmp/clone_directory/zh-hant/codes/javascript/chapter_dynamic_programming/min_cost_climbing_stairs_dp.js,5,11,33
JavaScript,/tmp/clone_directory/zh-hant/codes/javascript/chapter_graph/graph_dfs.js,5,16,33
JavaScript,/tmp/clone_directory/zh-hant/codes/javascript/chapter_tree/binary_tree_dfs.js,9,18,33
Kotlin,/tmp/clone_directory/zh-hant/codes/kotlin/chapter_array_and_linkedlist/list.kt,12,18,33
Kotlin,/tmp/clone_directory/zh-hant/codes/kotlin/chapter_backtracking/permutations_i.kt,6,14,33
Kotlin,/tmp/clone_directory/zh-hant/codes/kotlin/chapter_backtracking/preorder_traversal_ii_compact.kt,7,11,33
Kotlin,/tmp/clone_directory/zh-hant/codes/kotlin/chapter_backtracking/preorder_traversal_iii_compact.kt,7,12,33
Kotlin,/tmp/clone_directory/zh-hant/codes/kotlin/chapter_dynamic_programming/min_cost_climbing_stairs_dp.kt,7,11,33
Kotlin,/tmp/clone_directory/zh-hant/codes/kotlin/chapter_greedy/coin_change_greedy.kt,5,15,33
Python,/tmp/clone_directory/zh-hant/codes/python/chapter_backtracking/preorder_traversal_iii_template.py,18,20,33
Python,/tmp/clone_directory/zh-hant/codes/python/chapter_graph/graph_dfs.py,9,15,33
Python,/tmp/clone_directory/zh-hant/codes/python/chapter_searching/binary_search_insertion.py,7,14,33
Ruby,/tmp/clone_directory/zh-hant/codes/ruby/chapter_array_and_linkedlist/list.rb,11,16,33
Ruby,/tmp/clone_directory/zh-hant/codes/ruby/chapter_heap/top_k.rb,11,20,33
Rust,/tmp/clone_directory/zh-hant/codes/rust/chapter_searching/linear_search.rs,7,16,33
Rust,/tmp/clone_directory/zh-hant/codes/rust/chapter_searching/two_sum.rs,6,14,33
Swift,/tmp/clone_directory/zh-hant/codes/swift/chapter_backtracking/permutations_ii.swift,5,14,33
Swift,/tmp/clone_directory/zh-hant/codes/swift/chapter_dynamic_programming/climbing_stairs_dp.swift,5,11,33
TypeScript,/tmp/clone_directory/zh-hant/codes/typescript/chapter_sorting/merge_sort.ts,4,17,33
Zig,/tmp/clone_directory/zh-hant/codes/zig/chapter_stack_and_queue/deque.zig,8,10,33
Markdown,/tmp/clone_directory/zh-hant/docs/chapter_introduction/what_is_dsa.md,20,0,33
Markdown,/tmp/clone_directory/zh-hant/docs/chapter_tree/summary.md,21,0,33
YAML,/tmp/clone_directory/.github/workflows/dotnet.yml,5,2,32
YAML,/tmp/clone_directory/.github/workflows/go.yml,4,0,32
C/C++ Header,/tmp/clone_directory/codes/c/utils/vertex.h,8,9,32
C++,/tmp/clone_directory/codes/cpp/chapter_graph/graph_dfs.cpp,7,16,32
C#,/tmp/clone_directory/codes/csharp/chapter_hashing/hash_map.cs,6,13,32
Dart,/tmp/clone_directory/codes/dart/chapter_backtracking/permutations_i.dart,5,14,32
Dart,/tmp/clone_directory/codes/dart/chapter_searching/hashing_search.dart,6,16,32
Go,/tmp/clone_directory/codes/go/chapter_hashing/array_hash_map_test.go,9,11,32
Go,/tmp/clone_directory/codes/go/chapter_tree/array_binary_tree_test.go,7,8,32
Java,/tmp/clone_directory/codes/java/chapter_computational_complexity/worst_best_time_complexity.java,5,13,32
Java,/tmp/clone_directory/codes/java/chapter_dynamic_programming/climbing_stairs_dp.java,6,10,32
Java,/tmp/clone_directory/codes/java/chapter_hashing/hash_map.java,7,13,32
JavaScript,/tmp/clone_directory/codes/javascript/chapter_searching/binary_search.js,5,23,32
JavaScript,/tmp/clone_directory/codes/javascript/chapter_sorting/merge_sort.js,3,17,32
Kotlin,/tmp/clone_directory/codes/kotlin/chapter_divide_and_conquer/hanota.kt,7,17,32
Python,/tmp/clone_directory/codes/python/chapter_computational_complexity/recursion.py,13,24,32
Python,/tmp/clone_directory/codes/python/chapter_dynamic_programming/coin_change.py,8,20,32
Python,/tmp/clone_directory/codes/python/chapter_sorting/merge_sort.py,6,17,32
Ruby,/tmp/clone_directory/codes/ruby/utils/tree_node.rb,8,13,32
Rust,/tmp/clone_directory/codes/rust/chapter_divide_and_conquer/hanota.rs,7,16,32
Swift,/tmp/clone_directory/codes/swift/chapter_backtracking/subset_sum_i.swift,5,16,32
Swift,/tmp/clone_directory/codes/swift/chapter_backtracking/subset_sum_i_naive.swift,5,14,32
TypeScript,/tmp/clone_directory/codes/typescript/chapter_array_and_linkedlist/list.ts,11,16,32
TypeScript,/tmp/clone_directory/codes/typescript/chapter_backtracking/permutations_ii.ts,5,14,32
TypeScript,/tmp/clone_directory/codes/typescript/chapter_sorting/bubble_sort.ts,5,14,32
Markdown,/tmp/clone_directory/docs/chapter_searching/binary_search_edge.md,24,0,32
Markdown,/tmp/clone_directory/docs/chapter_sorting/sorting_algorithm.md,16,0,32
C++,/tmp/clone_directory/en/codes/cpp/chapter_graph/graph_dfs.cpp,7,16,32
Java,/tmp/clone_directory/en/codes/java/chapter_computational_complexity/worst_best_time_complexity.java,5,13,32
Java,/tmp/clone_directory/en/codes/java/chapter_dynamic_programming/climbing_stairs_dp.java,6,10,32
Java,/tmp/clone_directory/en/codes/java/chapter_hashing/hash_map.java,7,13,32
Python,/tmp/clone_directory/en/codes/python/chapter_computational_complexity/recursion.py,13,24,32
Python,/tmp/clone_directory/en/codes/python/chapter_dynamic_programming/coin_change.py,8,20,32
Python,/tmp/clone_directory/en/codes/python/chapter_sorting/merge_sort.py,6,17,32
Markdown,/tmp/clone_directory/en/docs/chapter_searching/binary_search_edge.md,24,0,32
Markdown,/tmp/clone_directory/en/docs/chapter_sorting/sorting_algorithm.md,16,0,32
C/C++ Header,/tmp/clone_directory/zh-hant/codes/c/utils/vertex.h,8,9,32
C++,/tmp/clone_directory/zh-hant/codes/cpp/chapter_graph/graph_dfs.cpp,7,16,32
C#,/tmp/clone_directory/zh-hant/codes/csharp/chapter_hashing/hash_map.cs,6,13,32
Dart,/tmp/clone_directory/zh-hant/codes/dart/chapter_backtracking/permutations_i.dart,5,14,32
Dart,/tmp/clone_directory/zh-hant/codes/dart/chapter_searching/hashing_search.dart,6,16,32
Go,/tmp/clone_directory/zh-hant/codes/go/chapter_hashing/array_hash_map_test.go,9,11,32
Go,/tmp/clone_directory/zh-hant/codes/go/chapter_tree/array_binary_tree_test.go,7,8,32
Java,/tmp/clone_directory/zh-hant/codes/java/chapter_computational_complexity/worst_best_time_complexity.java,5,13,32
Java,/tmp/clone_directory/zh-hant/codes/java/chapter_dynamic_programming/climbing_stairs_dp.java,6,10,32
Java,/tmp/clone_directory/zh-hant/codes/java/chapter_hashing/hash_map.java,7,13,32
JavaScript,/tmp/clone_directory/zh-hant/codes/javascript/chapter_searching/binary_search.js,5,23,32
JavaScript,/tmp/clone_directory/zh-hant/codes/javascript/chapter_sorting/merge_sort.js,3,17,32
Kotlin,/tmp/clone_directory/zh-hant/codes/kotlin/chapter_divide_and_conquer/hanota.kt,7,17,32
Python,/tmp/clone_directory/zh-hant/codes/python/chapter_computational_complexity/recursion.py,13,24,32
Python,/tmp/clone_directory/zh-hant/codes/python/chapter_dynamic_programming/coin_change.py,8,20,32
Python,/tmp/clone_directory/zh-hant/codes/python/chapter_sorting/merge_sort.py,6,17,32
Ruby,/tmp/clone_directory/zh-hant/codes/ruby/utils/tree_node.rb,8,13,32
Rust,/tmp/clone_directory/zh-hant/codes/rust/chapter_divide_and_conquer/hanota.rs,7,16,32
Swift,/tmp/clone_directory/zh-hant/codes/swift/chapter_backtracking/subset_sum_i.swift,5,16,32
Swift,/tmp/clone_directory/zh-hant/codes/swift/chapter_backtracking/subset_sum_i_naive.swift,5,14,32
TypeScript,/tmp/clone_directory/zh-hant/codes/typescript/chapter_array_and_linkedlist/list.ts,11,16,32
TypeScript,/tmp/clone_directory/zh-hant/codes/typescript/chapter_backtracking/permutations_ii.ts,5,14,32
TypeScript,/tmp/clone_directory/zh-hant/codes/typescript/chapter_sorting/bubble_sort.ts,5,14,32
Markdown,/tmp/clone_directory/zh-hant/docs/chapter_searching/binary_search_edge.md,24,0,32
Markdown,/tmp/clone_directory/zh-hant/docs/chapter_sorting/sorting_algorithm.md,16,0,32
YAML,/tmp/clone_directory/.github/workflows/dart.yml,4,1,31
C++,/tmp/clone_directory/codes/cpp/chapter_dynamic_programming/climbing_stairs_dp.cpp,7,11,31
C#,/tmp/clone_directory/codes/csharp/chapter_computational_complexity/worst_best_time_complexity.cs,6,12,31
Dart,/tmp/clone_directory/codes/dart/chapter_divide_and_conquer/hanota.dart,6,17,31
Dart,/tmp/clone_directory/codes/dart/chapter_dynamic_programming/min_cost_climbing_stairs_dp.dart,6,11,31
Dart,/tmp/clone_directory/codes/dart/chapter_greedy/coin_change_greedy.dart,4,15,31
Dart,/tmp/clone_directory/codes/dart/chapter_sorting/merge_sort.dart,3,18,31
Go,/tmp/clone_directory/codes/go/chapter_heap/top_k.go,8,12,31
Java,/tmp/clone_directory/codes/java/chapter_backtracking/permutations_i.java,7,13,31
Java,/tmp/clone_directory/codes/java/chapter_divide_and_conquer/build_tree.java,6,14,31
Java,/tmp/clone_directory/codes/java/chapter_graph/graph_dfs.java,6,14,31
JavaScript,/tmp/clone_directory/codes/javascript/chapter_array_and_linkedlist/list.js,10,16,31
JavaScript,/tmp/clone_directory/codes/javascript/chapter_sorting/bubble_sort.js,4,14,31
Kotlin,/tmp/clone_directory/codes/kotlin/chapter_greedy/fractional_knapsack.kt,5,15,31
Ruby,/tmp/clone_directory/codes/ruby/chapter_divide_and_conquer/hanota.rb,7,17,31
Ruby,/tmp/clone_directory/codes/ruby/chapter_greedy/coin_change_greedy.rb,4,15,31
Ruby,/tmp/clone_directory/codes/ruby/chapter_greedy/fractional_knapsack.rb,5,15,31
Ruby,/tmp/clone_directory/codes/ruby/chapter_sorting/bubble_sort.rb,6,14,31
Rust,/tmp/clone_directory/codes/rust/chapter_dynamic_programming/climbing_stairs_dp.rs,5,12,31
Swift,/tmp/clone_directory/codes/swift/chapter_backtracking/permutations_i.swift,5,14,31
Swift,/tmp/clone_directory/codes/swift/chapter_hashing/hash_map.swift,6,14,31
Swift,/tmp/clone_directory/codes/swift/chapter_searching/linear_search.swift,6,16,31
Swift,/tmp/clone_directory/codes/swift/chapter_searching/two_sum.swift,3,15,31
TypeScript,/tmp/clone_directory/codes/typescript/chapter_divide_and_conquer/build_tree.ts,4,15,31
TypeScript,/tmp/clone_directory/codes/typescript/chapter_sorting/heap_sort.ts,4,16,31
Zig,/tmp/clone_directory/codes/zig/chapter_hashing/hash_map.zig,10,13,31
Markdown,/tmp/clone_directory/docs/chapter_computational_complexity/summary.md,18,0,31
C++,/tmp/clone_directory/en/codes/cpp/chapter_dynamic_programming/climbing_stairs_dp.cpp,7,11,31
Java,/tmp/clone_directory/en/codes/java/chapter_backtracking/permutations_i.java,7,13,31
Java,/tmp/clone_directory/en/codes/java/chapter_divide_and_conquer/build_tree.java,6,14,31
Java,/tmp/clone_directory/en/codes/java/chapter_graph/graph_dfs.java,6,14,31
Markdown,/tmp/clone_directory/en/docs/chapter_computational_complexity/summary.md,18,0,31
C++,/tmp/clone_directory/zh-hant/codes/cpp/chapter_dynamic_programming/climbing_stairs_dp.cpp,7,11,31
C#,/tmp/clone_directory/zh-hant/codes/csharp/chapter_computational_complexity/worst_best_time_complexity.cs,6,12,31
Dart,/tmp/clone_directory/zh-hant/codes/dart/chapter_divide_and_conquer/hanota.dart,6,17,31
Dart,/tmp/clone_directory/zh-hant/codes/dart/chapter_dynamic_programming/min_cost_climbing_stairs_dp.dart,6,11,31
Dart,/tmp/clone_directory/zh-hant/codes/dart/chapter_greedy/coin_change_greedy.dart,4,15,31
Dart,/tmp/clone_directory/zh-hant/codes/dart/chapter_sorting/merge_sort.dart,3,18,31
Go,/tmp/clone_directory/zh-hant/codes/go/chapter_heap/top_k.go,8,12,31
Java,/tmp/clone_directory/zh-hant/codes/java/chapter_backtracking/permutations_i.java,7,13,31
Java,/tmp/clone_directory/zh-hant/codes/java/chapter_divide_and_conquer/build_tree.java,6,14,31
Java,/tmp/clone_directory/zh-hant/codes/java/chapter_graph/graph_dfs.java,6,14,31
JavaScript,/tmp/clone_directory/zh-hant/codes/javascript/chapter_array_and_linkedlist/list.js,10,16,31
JavaScript,/tmp/clone_directory/zh-hant/codes/javascript/chapter_sorting/bubble_sort.js,4,14,31
Kotlin,/tmp/clone_directory/zh-hant/codes/kotlin/chapter_greedy/fractional_knapsack.kt,5,15,31
Ruby,/tmp/clone_directory/zh-hant/codes/ruby/chapter_divide_and_conquer/hanota.rb,7,17,31
Ruby,/tmp/clone_directory/zh-hant/codes/ruby/chapter_greedy/coin_change_greedy.rb,4,15,31
Ruby,/tmp/clone_directory/zh-hant/codes/ruby/chapter_greedy/fractional_knapsack.rb,5,15,31
Ruby,/tmp/clone_directory/zh-hant/codes/ruby/chapter_sorting/bubble_sort.rb,6,14,31
Rust,/tmp/clone_directory/zh-hant/codes/rust/chapter_dynamic_programming/climbing_stairs_dp.rs,5,12,31
Swift,/tmp/clone_directory/zh-hant/codes/swift/chapter_backtracking/permutations_i.swift,5,14,31
Swift,/tmp/clone_directory/zh-hant/codes/swift/chapter_hashing/hash_map.swift,6,14,31
Swift,/tmp/clone_directory/zh-hant/codes/swift/chapter_searching/linear_search.swift,6,16,31
Swift,/tmp/clone_directory/zh-hant/codes/swift/chapter_searching/two_sum.swift,3,15,31
TypeScript,/tmp/clone_directory/zh-hant/codes/typescript/chapter_divide_and_conquer/build_tree.ts,4,15,31
TypeScript,/tmp/clone_directory/zh-hant/codes/typescript/chapter_sorting/heap_sort.ts,4,16,31
Zig,/tmp/clone_directory/zh-hant/codes/zig/chapter_hashing/hash_map.zig,10,13,31
Markdown,/tmp/clone_directory/zh-hant/docs/chapter_computational_complexity/summary.md,18,0,31
C,/tmp/clone_directory/codes/c/chapter_backtracking/preorder_traversal_i_compact.c,8,11,30
C,/tmp/clone_directory/codes/c/chapter_dynamic_programming/climbing_stairs_constraint_dp.c,5,11,30
C++,/tmp/clone_directory/codes/cpp/chapter_divide_and_conquer/build_tree.cpp,6,15,30
C++,/tmp/clone_directory/codes/cpp/chapter_searching/hashing_search.cpp,7,16,30
C#,/tmp/clone_directory/codes/csharp/chapter_divide_and_conquer/build_tree.cs,5,14,30
Dart,/tmp/clone_directory/codes/dart/chapter_backtracking/preorder_traversal_ii_compact.dart,6,11,30
Dart,/tmp/clone_directory/codes/dart/chapter_backtracking/preorder_traversal_iii_compact.dart,6,11,30
Dart,/tmp/clone_directory/codes/dart/chapter_sorting/heap_sort.dart,3,16,30
Go,/tmp/clone_directory/codes/go/chapter_divide_and_conquer/hanota_test.go,6,4,30
Go,/tmp/clone_directory/codes/go/chapter_tree/binary_search_tree_test.go,7,8,30
JavaScript,/tmp/clone_directory/codes/javascript/chapter_backtracking/subset_sum_ii.js,3,18,30
JavaScript,/tmp/clone_directory/codes/javascript/chapter_heap/top_k.js,7,21,30
JavaScript,/tmp/clone_directory/codes/javascript/chapter_sorting/heap_sort.js,3,16,30
Python,/tmp/clone_directory/codes/python/chapter_divide_and_conquer/build_tree.py,9,15,30
Python,/tmp/clone_directory/codes/python/chapter_dynamic_programming/coin_change_ii.py,8,20,30
Rust,/tmp/clone_directory/codes/rust/chapter_backtracking/permutations_ii.rs,6,14,30
Rust,/tmp/clone_directory/codes/rust/chapter_stack_and_queue/deque.rs,8,12,30
TypeScript,/tmp/clone_directory/codes/typescript/chapter_backtracking/permutations_i.ts,5,14,30
TypeScript,/tmp/clone_directory/codes/typescript/chapter_backtracking/preorder_traversal_ii_compact.ts,6,11,30
TypeScript,/tmp/clone_directory/codes/typescript/chapter_backtracking/preorder_traversal_iii_compact.ts,6,12,30
TypeScript,/tmp/clone_directory/codes/typescript/chapter_greedy/coin_change_greedy.ts,5,15,30
TypeScript,/tmp/clone_directory/codes/typescript/chapter_heap/top_k.ts,7,21,30
TypeScript,/tmp/clone_directory/codes/typescript/chapter_searching/two_sum.ts,6,13,30
Markdown,/tmp/clone_directory/docs/chapter_hashing/summary.md,17,0,30
Markdown,/tmp/clone_directory/docs/chapter_preface/about_the_book.md,20,0,30
C++,/tmp/clone_directory/en/codes/cpp/chapter_divide_and_conquer/build_tree.cpp,6,15,30
C++,/tmp/clone_directory/en/codes/cpp/chapter_searching/hashing_search.cpp,7,16,30
Python,/tmp/clone_directory/en/codes/python/chapter_divide_and_conquer/build_tree.py,9,15,30
Python,/tmp/clone_directory/en/codes/python/chapter_dynamic_programming/coin_change_ii.py,8,20,30
Markdown,/tmp/clone_directory/en/docs/chapter_hashing/summary.md,17,0,30
Markdown,/tmp/clone_directory/en/docs/chapter_preface/about_the_book.md,20,0,30
C,/tmp/clone_directory/zh-hant/codes/c/chapter_backtracking/preorder_traversal_i_compact.c,8,11,30
C,/tmp/clone_directory/zh-hant/codes/c/chapter_dynamic_programming/climbing_stairs_constraint_dp.c,5,11,30
C++,/tmp/clone_directory/zh-hant/codes/cpp/chapter_divide_and_conquer/build_tree.cpp,6,15,30
C++,/tmp/clone_directory/zh-hant/codes/cpp/chapter_searching/hashing_search.cpp,7,16,30
C#,/tmp/clone_directory/zh-hant/codes/csharp/chapter_divide_and_conquer/build_tree.cs,5,14,30
Dart,/tmp/clone_directory/zh-hant/codes/dart/chapter_backtracking/preorder_traversal_ii_compact.dart,6,11,30
Dart,/tmp/clone_directory/zh-hant/codes/dart/chapter_backtracking/preorder_traversal_iii_compact.dart,6,11,30
Dart,/tmp/clone_directory/zh-hant/codes/dart/chapter_sorting/heap_sort.dart,3,16,30
Go,/tmp/clone_directory/zh-hant/codes/go/chapter_divide_and_conquer/hanota_test.go,6,4,30
Go,/tmp/clone_directory/zh-hant/codes/go/chapter_tree/binary_search_tree_test.go,7,8,30
JavaScript,/tmp/clone_directory/zh-hant/codes/javascript/chapter_backtracking/subset_sum_ii.js,3,18,30
JavaScript,/tmp/clone_directory/zh-hant/codes/javascript/chapter_heap/top_k.js,7,21,30
JavaScript,/tmp/clone_directory/zh-hant/codes/javascript/chapter_sorting/heap_sort.js,3,16,30
Python,/tmp/clone_directory/zh-hant/codes/python/chapter_divide_and_conquer/build_tree.py,9,15,30
Python,/tmp/clone_directory/zh-hant/codes/python/chapter_dynamic_programming/coin_change_ii.py,8,20,30
Rust,/tmp/clone_directory/zh-hant/codes/rust/chapter_backtracking/permutations_ii.rs,6,14,30
Rust,/tmp/clone_directory/zh-hant/codes/rust/chapter_stack_and_queue/deque.rs,8,12,30
TypeScript,/tmp/clone_directory/zh-hant/codes/typescript/chapter_backtracking/permutations_i.ts,5,14,30
TypeScript,/tmp/clone_directory/zh-hant/codes/typescript/chapter_backtracking/preorder_traversal_ii_compact.ts,6,11,30
TypeScript,/tmp/clone_directory/zh-hant/codes/typescript/chapter_backtracking/preorder_traversal_iii_compact.ts,6,12,30
TypeScript,/tmp/clone_directory/zh-hant/codes/typescript/chapter_greedy/coin_change_greedy.ts,5,15,30
TypeScript,/tmp/clone_directory/zh-hant/codes/typescript/chapter_heap/top_k.ts,7,21,30
TypeScript,/tmp/clone_directory/zh-hant/codes/typescript/chapter_searching/two_sum.ts,6,13,30
Markdown,/tmp/clone_directory/zh-hant/docs/chapter_hashing/summary.md,17,0,30
Markdown,/tmp/clone_directory/zh-hant/docs/chapter_preface/about_the_book.md,20,0,30
C++,/tmp/clone_directory/codes/cpp/chapter_backtracking/preorder_traversal_ii_compact.cpp,6,11,29
C++,/tmp/clone_directory/codes/cpp/chapter_backtracking/preorder_traversal_iii_compact.cpp,6,12,29
C++,/tmp/clone_directory/codes/cpp/chapter_hashing/array_hash_map_test.cpp,9,14,29
C#,/tmp/clone_directory/codes/csharp/chapter_searching/binary_search_edge.cs,5,16,29
C#,/tmp/clone_directory/codes/csharp/chapter_sorting/bucket_sort.cs,3,14,29
Dart,/tmp/clone_directory/codes/dart/chapter_searching/two_sum.dart,5,15,29
Go,/tmp/clone_directory/codes/go/chapter_array_and_linkedlist/linked_list_test.go,9,10,29
Go,/tmp/clone_directory/codes/go/chapter_dynamic_programming/min_path_sum_test.go,7,7,29
Go,/tmp/clone_directory/codes/go/chapter_searching/binary_search.go,3,11,29
Go,/tmp/clone_directory/codes/go/chapter_searching/binary_search_insertion.go,3,17,29
Go,/tmp/clone_directory/codes/go/chapter_tree/binary_tree_dfs.go,6,9,29
Java,/tmp/clone_directory/codes/java/chapter_backtracking/preorder_traversal_i_compact.java,7,8,29
Java,/tmp/clone_directory/codes/java/chapter_searching/hashing_search.java,7,15,29
Java,/tmp/clone_directory/codes/java/chapter_sorting/bucket_sort.java,4,14,29
JavaScript,/tmp/clone_directory/codes/javascript/chapter_divide_and_conquer/hanota.js,6,17,29
JavaScript,/tmp/clone_directory/codes/javascript/chapter_greedy/coin_change_greedy.js,4,15,29
Kotlin,/tmp/clone_directory/codes/kotlin/chapter_computational_complexity/worst_best_time_complexity.kt,4,12,29
Kotlin,/tmp/clone_directory/codes/kotlin/chapter_divide_and_conquer/binary_search_recur.kt,5,15,29
Kotlin,/tmp/clone_directory/codes/kotlin/chapter_dynamic_programming/climbing_stairs_dp.kt,6,11,29
Kotlin,/tmp/clone_directory/codes/kotlin/chapter_hashing/hash_map.kt,7,14,29
Kotlin,/tmp/clone_directory/codes/kotlin/chapter_searching/two_sum.kt,5,15,29
Python,/tmp/clone_directory/codes/python/chapter_array_and_linkedlist/list.py,10,17,29
Python,/tmp/clone_directory/codes/python/chapter_backtracking/subset_sum_i_naive.py,7,14,29
Python,/tmp/clone_directory/codes/python/chapter_searching/binary_search.py,8,15,29
Swift,/tmp/clone_directory/codes/swift/chapter_searching/binary_search_edge.swift,5,17,29
TypeScript,/tmp/clone_directory/codes/typescript/chapter_computational_complexity/worst_best_time_complexity.ts,4,12,29
TypeScript,/tmp/clone_directory/codes/typescript/chapter_divide_and_conquer/hanota.ts,6,17,29
TypeScript,/tmp/clone_directory/codes/typescript/chapter_greedy/fractional_knapsack.ts,6,15,29
TypeScript,/tmp/clone_directory/codes/typescript/chapter_searching/linear_search.ts,7,16,29
Zig,/tmp/clone_directory/codes/zig/chapter_computational_complexity/worst_best_time_complexity.zig,6,10,29
Markdown,/tmp/clone_directory/docs/chapter_appendix/contribution.md,18,0,29
C++,/tmp/clone_directory/en/codes/cpp/chapter_backtracking/preorder_traversal_ii_compact.cpp,6,11,29
C++,/tmp/clone_directory/en/codes/cpp/chapter_backtracking/preorder_traversal_iii_compact.cpp,6,12,29
C++,/tmp/clone_directory/en/codes/cpp/chapter_hashing/array_hash_map_test.cpp,9,14,29
Java,/tmp/clone_directory/en/codes/java/chapter_backtracking/preorder_traversal_i_compact.java,7,8,29
Java,/tmp/clone_directory/en/codes/java/chapter_searching/hashing_search.java,7,15,29
Java,/tmp/clone_directory/en/codes/java/chapter_sorting/bucket_sort.java,4,14,29
Python,/tmp/clone_directory/en/codes/python/chapter_array_and_linkedlist/list.py,10,17,29
Python,/tmp/clone_directory/en/codes/python/chapter_backtracking/subset_sum_i_naive.py,7,14,29
Python,/tmp/clone_directory/en/codes/python/chapter_searching/binary_search.py,8,15,29
Markdown,/tmp/clone_directory/en/docs/chapter_appendix/contribution.md,18,0,29
C++,/tmp/clone_directory/zh-hant/codes/cpp/chapter_backtracking/preorder_traversal_ii_compact.cpp,6,11,29
C++,/tmp/clone_directory/zh-hant/codes/cpp/chapter_backtracking/preorder_traversal_iii_compact.cpp,6,12,29
C++,/tmp/clone_directory/zh-hant/codes/cpp/chapter_hashing/array_hash_map_test.cpp,9,14,29
C#,/tmp/clone_directory/zh-hant/codes/csharp/chapter_searching/binary_search_edge.cs,5,16,29
C#,/tmp/clone_directory/zh-hant/codes/csharp/chapter_sorting/bucket_sort.cs,3,14,29
Dart,/tmp/clone_directory/zh-hant/codes/dart/chapter_searching/two_sum.dart,5,15,29
Go,/tmp/clone_directory/zh-hant/codes/go/chapter_array_and_linkedlist/linked_list_test.go,9,10,29
Go,/tmp/clone_directory/zh-hant/codes/go/chapter_dynamic_programming/min_path_sum_test.go,7,7,29
Go,/tmp/clone_directory/zh-hant/codes/go/chapter_searching/binary_search.go,3,11,29
Go,/tmp/clone_directory/zh-hant/codes/go/chapter_searching/binary_search_insertion.go,3,17,29
Go,/tmp/clone_directory/zh-hant/codes/go/chapter_tree/binary_tree_dfs.go,6,9,29
Java,/tmp/clone_directory/zh-hant/codes/java/chapter_backtracking/preorder_traversal_i_compact.java,7,8,29
Java,/tmp/clone_directory/zh-hant/codes/java/chapter_searching/hashing_search.java,7,15,29
Java,/tmp/clone_directory/zh-hant/codes/java/chapter_sorting/bucket_sort.java,4,14,29
JavaScript,/tmp/clone_directory/zh-hant/codes/javascript/chapter_divide_and_conquer/hanota.js,6,17,29
JavaScript,/tmp/clone_directory/zh-hant/codes/javascript/chapter_greedy/coin_change_greedy.js,4,15,29
Kotlin,/tmp/clone_directory/zh-hant/codes/kotlin/chapter_computational_complexity/worst_best_time_complexity.kt,4,12,29
Kotlin,/tmp/clone_directory/zh-hant/codes/kotlin/chapter_divide_and_conquer/binary_search_recur.kt,5,15,29
Kotlin,/tmp/clone_directory/zh-hant/codes/kotlin/chapter_dynamic_programming/climbing_stairs_dp.kt,6,11,29
Kotlin,/tmp/clone_directory/zh-hant/codes/kotlin/chapter_hashing/hash_map.kt,7,14,29
Kotlin,/tmp/clone_directory/zh-hant/codes/kotlin/chapter_searching/two_sum.kt,5,15,29
Python,/tmp/clone_directory/zh-hant/codes/python/chapter_array_and_linkedlist/list.py,10,17,29
Python,/tmp/clone_directory/zh-hant/codes/python/chapter_backtracking/subset_sum_i_naive.py,7,14,29
Python,/tmp/clone_directory/zh-hant/codes/python/chapter_searching/binary_search.py,8,15,29
Swift,/tmp/clone_directory/zh-hant/codes/swift/chapter_searching/binary_search_edge.swift,5,17,29
TypeScript,/tmp/clone_directory/zh-hant/codes/typescript/chapter_computational_complexity/worst_best_time_complexity.ts,4,12,29
TypeScript,/tmp/clone_directory/zh-hant/codes/typescript/chapter_divide_and_conquer/hanota.ts,6,17,29
TypeScript,/tmp/clone_directory/zh-hant/codes/typescript/chapter_greedy/fractional_knapsack.ts,6,15,29
TypeScript,/tmp/clone_directory/zh-hant/codes/typescript/chapter_searching/linear_search.ts,7,16,29
Zig,/tmp/clone_directory/zh-hant/codes/zig/chapter_computational_complexity/worst_best_time_complexity.zig,6,10,29
Markdown,/tmp/clone_directory/zh-hant/docs/chapter_appendix/contribution.md,18,0,29
C,/tmp/clone_directory/codes/c/chapter_dynamic_programming/climbing_stairs_backtrack.c,6,13,28
C,/tmp/clone_directory/codes/c/chapter_greedy/max_capacity.c,6,15,28
C++,/tmp/clone_directory/codes/cpp/chapter_computational_complexity/worst_best_time_complexity.cpp,4,13,28
C#,/tmp/clone_directory/codes/csharp/chapter_backtracking/preorder_traversal_ii_compact.cs,6,10,28
C#,/tmp/clone_directory/codes/csharp/chapter_backtracking/preorder_traversal_iii_compact.cs,6,11,28
C#,/tmp/clone_directory/codes/csharp/chapter_searching/hashing_search.cs,7,15,28
C#,/tmp/clone_directory/codes/csharp/chapter_searching/linear_search.cs,6,15,28
Go,/tmp/clone_directory/codes/go/chapter_backtracking/subset_sum_ii.go,4,15,28
Go,/tmp/clone_directory/codes/go/chapter_sorting/heap_sort.go,3,13,28
Java,/tmp/clone_directory/codes/java/chapter_searching/binary_search_edge.java,5,16,28
Java,/tmp/clone_directory/codes/java/chapter_searching/linear_search.java,7,15,28
JavaScript,/tmp/clone_directory/codes/javascript/chapter_computational_complexity/worst_best_time_complexity.js,3,12,28
JavaScript,/tmp/clone_directory/codes/javascript/chapter_searching/two_sum.js,5,13,28
Python,/tmp/clone_directory/codes/python/chapter_dynamic_programming/unbounded_knapsack.py,8,19,28
Python,/tmp/clone_directory/codes/python/modules/tree_node.py,13,28,28
Ruby,/tmp/clone_directory/codes/ruby/chapter_backtracking/permutations_ii.rb,6,14,28
Ruby,/tmp/clone_directory/codes/ruby/chapter_backtracking/subset_sum_ii.rb,5,18,28
Rust,/tmp/clone_directory/codes/rust/chapter_backtracking/preorder_traversal_i_compact.rs,6,9,28
Rust,/tmp/clone_directory/codes/rust/chapter_searching/hashing_search.rs,7,17,28
Swift,/tmp/clone_directory/codes/swift/chapter_backtracking/preorder_traversal_i_compact.swift,6,9,28
Swift,/tmp/clone_directory/codes/swift/chapter_searching/hashing_search.swift,6,16,28
Zig,/tmp/clone_directory/codes/zig/chapter_stack_and_queue/queue.zig,8,10,28
Markdown,/tmp/clone_directory/docs/chapter_computational_complexity/performance_evaluation.md,21,0,28
Markdown,/tmp/clone_directory/docs/chapter_greedy/fractional_knapsack_problem.md,22,0,28
Markdown,/tmp/clone_directory/docs/chapter_searching/replace_linear_by_hashing.md,19,0,28
Markdown,/tmp/clone_directory/docs/chapter_sorting/insertion_sort.md,18,0,28
Markdown,/tmp/clone_directory/docs/chapter_sorting/summary.md,19,0,28
C++,/tmp/clone_directory/en/codes/cpp/chapter_computational_complexity/worst_best_time_complexity.cpp,4,13,28
Java,/tmp/clone_directory/en/codes/java/chapter_searching/binary_search_edge.java,5,16,28
Java,/tmp/clone_directory/en/codes/java/chapter_searching/linear_search.java,7,15,28
Python,/tmp/clone_directory/en/codes/python/chapter_dynamic_programming/unbounded_knapsack.py,8,19,28
Python,/tmp/clone_directory/en/codes/python/modules/tree_node.py,13,28,28
Markdown,/tmp/clone_directory/en/docs/chapter_greedy/fractional_knapsack_problem.md,22,0,28
Markdown,/tmp/clone_directory/en/docs/chapter_searching/replace_linear_by_hashing.md,19,0,28
Markdown,/tmp/clone_directory/en/docs/chapter_sorting/insertion_sort.md,18,0,28
Markdown,/tmp/clone_directory/en/docs/chapter_sorting/summary.md,19,0,28
C,/tmp/clone_directory/zh-hant/codes/c/chapter_dynamic_programming/climbing_stairs_backtrack.c,6,13,28
C,/tmp/clone_directory/zh-hant/codes/c/chapter_greedy/max_capacity.c,6,15,28
C++,/tmp/clone_directory/zh-hant/codes/cpp/chapter_computational_complexity/worst_best_time_complexity.cpp,4,13,28
C#,/tmp/clone_directory/zh-hant/codes/csharp/chapter_backtracking/preorder_traversal_ii_compact.cs,6,10,28
C#,/tmp/clone_directory/zh-hant/codes/csharp/chapter_backtracking/preorder_traversal_iii_compact.cs,6,11,28
C#,/tmp/clone_directory/zh-hant/codes/csharp/chapter_searching/hashing_search.cs,7,15,28
C#,/tmp/clone_directory/zh-hant/codes/csharp/chapter_searching/linear_search.cs,6,15,28
Go,/tmp/clone_directory/zh-hant/codes/go/chapter_backtracking/subset_sum_ii.go,4,15,28
Go,/tmp/clone_directory/zh-hant/codes/go/chapter_sorting/heap_sort.go,3,13,28
Java,/tmp/clone_directory/zh-hant/codes/java/chapter_searching/binary_search_edge.java,5,16,28
Java,/tmp/clone_directory/zh-hant/codes/java/chapter_searching/linear_search.java,7,15,28
JavaScript,/tmp/clone_directory/zh-hant/codes/javascript/chapter_computational_complexity/worst_best_time_complexity.js,3,12,28
JavaScript,/tmp/clone_directory/zh-hant/codes/javascript/chapter_searching/two_sum.js,5,13,28
Python,/tmp/clone_directory/zh-hant/codes/python/chapter_dynamic_programming/unbounded_knapsack.py,8,19,28
Python,/tmp/clone_directory/zh-hant/codes/python/modules/tree_node.py,13,28,28
Ruby,/tmp/clone_directory/zh-hant/codes/ruby/chapter_backtracking/permutations_ii.rb,6,14,28
Ruby,/tmp/clone_directory/zh-hant/codes/ruby/chapter_backtracking/subset_sum_ii.rb,5,18,28
Rust,/tmp/clone_directory/zh-hant/codes/rust/chapter_backtracking/preorder_traversal_i_compact.rs,6,9,28
Rust,/tmp/clone_directory/zh-hant/codes/rust/chapter_searching/hashing_search.rs,7,17,28
Swift,/tmp/clone_directory/zh-hant/codes/swift/chapter_backtracking/preorder_traversal_i_compact.swift,6,9,28
Swift,/tmp/clone_directory/zh-hant/codes/swift/chapter_searching/hashing_search.swift,6,16,28
Zig,/tmp/clone_directory/zh-hant/codes/zig/chapter_stack_and_queue/queue.zig,8,10,28
Markdown,/tmp/clone_directory/zh-hant/docs/chapter_computational_complexity/performance_evaluation.md,21,0,28
Markdown,/tmp/clone_directory/zh-hant/docs/chapter_greedy/fractional_knapsack_problem.md,22,0,28
Markdown,/tmp/clone_directory/zh-hant/docs/chapter_searching/replace_linear_by_hashing.md,19,0,28
Markdown,/tmp/clone_directory/zh-hant/docs/chapter_sorting/insertion_sort.md,18,0,28
Markdown,/tmp/clone_directory/zh-hant/docs/chapter_sorting/summary.md,19,0,28
YAML,/tmp/clone_directory/.github/workflows/ruby.yml,6,4,27
C/C++ Header,/tmp/clone_directory/codes/cpp/utils/list_node.hpp,6,9,27
C#,/tmp/clone_directory/codes/csharp/chapter_divide_and_conquer/binary_search_recur.cs,5,14,27
Dart,/tmp/clone_directory/codes/dart/chapter_dynamic_programming/climbing_stairs_dp.dart,5,11,27
Dart,/tmp/clone_directory/codes/dart/chapter_greedy/fractional_knapsack.dart,5,15,27
Go,/tmp/clone_directory/codes/go/chapter_tree/binary_tree_test.go,5,9,27
Java,/tmp/clone_directory/codes/java/chapter_stack_and_queue/deque.java,8,11,27
JavaScript,/tmp/clone_directory/codes/javascript/chapter_backtracking/subset_sum_i.js,3,16,27
JavaScript,/tmp/clone_directory/codes/javascript/chapter_backtracking/subset_sum_i_naive.js,3,14,27
JavaScript,/tmp/clone_directory/codes/javascript/chapter_greedy/fractional_knapsack.js,4,15,27
Kotlin,/tmp/clone_directory/codes/kotlin/chapter_backtracking/preorder_traversal_i_compact.kt,7,9,27
Kotlin,/tmp/clone_directory/codes/kotlin/chapter_dynamic_programming/climbing_stairs_backtrack.kt,5,13,27
Kotlin,/tmp/clone_directory/codes/kotlin/chapter_searching/linear_search.kt,7,16,27
Python,/tmp/clone_directory/codes/python/chapter_backtracking/subset_sum_ii.py,7,18,27
Python,/tmp/clone_directory/codes/python/chapter_greedy/coin_change_greedy.py,6,15,27
Python,/tmp/clone_directory/codes/python/chapter_hashing/hash_map.py,9,14,27
Ruby,/tmp/clone_directory/codes/ruby/chapter_backtracking/subset_sum_i.rb,4,16,27
Ruby,/tmp/clone_directory/codes/ruby/chapter_backtracking/subset_sum_i_naive.rb,5,14,27
Rust,/tmp/clone_directory/codes/rust/chapter_backtracking/permutations_i.rs,5,14,27
Rust,/tmp/clone_directory/codes/rust/chapter_hashing/hash_map.rs,7,14,27
Rust,/tmp/clone_directory/codes/rust/chapter_searching/binary_search_edge.rs,6,17,27
Swift,/tmp/clone_directory/codes/swift/chapter_divide_and_conquer/build_tree.swift,5,15,27
Swift,/tmp/clone_directory/codes/swift/chapter_dynamic_programming/climbing_stairs_backtrack.swift,4,13,27
TypeScript,/tmp/clone_directory/codes/typescript/chapter_dynamic_programming/climbing_stairs_dp.ts,4,11,27
TypeScript,/tmp/clone_directory/codes/typescript/chapter_searching/hashing_search.ts,7,16,27
TypeScript,/tmp/clone_directory/codes/typescript/modules/TreeNode.ts,3,7,27
Zig,/tmp/clone_directory/codes/zig/chapter_dynamic_programming/climbing_stairs_backtrack.zig,6,11,27
Markdown,/tmp/clone_directory/docs/chapter_divide_and_conquer/binary_search_recur.md,18,0,27
Markdown,/tmp/clone_directory/docs/chapter_sorting/bucket_sort.md,19,0,27
C/C++ Header,/tmp/clone_directory/en/codes/cpp/utils/list_node.hpp,6,9,27
Java,/tmp/clone_directory/en/codes/java/chapter_stack_and_queue/deque.java,8,11,27
Python,/tmp/clone_directory/en/codes/python/chapter_backtracking/subset_sum_ii.py,7,18,27
Python,/tmp/clone_directory/en/codes/python/chapter_greedy/coin_change_greedy.py,6,15,27
Python,/tmp/clone_directory/en/codes/python/chapter_hashing/hash_map.py,9,14,27
Markdown,/tmp/clone_directory/en/docs/chapter_computational_complexity/performance_evaluation.md,21,0,27
Markdown,/tmp/clone_directory/en/docs/chapter_divide_and_conquer/binary_search_recur.md,18,0,27
Markdown,/tmp/clone_directory/en/docs/chapter_sorting/bucket_sort.md,19,0,27
HTML,/tmp/clone_directory/overrides/partials/actions.html,2,3,27
Dockerfile,/tmp/clone_directory/zh-hant/codes/Dockerfile,5,3,27
C/C++ Header,/tmp/clone_directory/zh-hant/codes/cpp/utils/list_node.hpp,6,9,27
C#,/tmp/clone_directory/zh-hant/codes/csharp/chapter_divide_and_conquer/binary_search_recur.cs,5,14,27
Dart,/tmp/clone_directory/zh-hant/codes/dart/chapter_dynamic_programming/climbing_stairs_dp.dart,5,11,27
Dart,/tmp/clone_directory/zh-hant/codes/dart/chapter_greedy/fractional_knapsack.dart,5,15,27
Go,/tmp/clone_directory/zh-hant/codes/go/chapter_tree/binary_tree_test.go,5,9,27
Java,/tmp/clone_directory/zh-hant/codes/java/chapter_stack_and_queue/deque.java,8,11,27
JavaScript,/tmp/clone_directory/zh-hant/codes/javascript/chapter_backtracking/subset_sum_i.js,3,16,27
JavaScript,/tmp/clone_directory/zh-hant/codes/javascript/chapter_backtracking/subset_sum_i_naive.js,3,14,27
JavaScript,/tmp/clone_directory/zh-hant/codes/javascript/chapter_greedy/fractional_knapsack.js,4,15,27
Kotlin,/tmp/clone_directory/zh-hant/codes/kotlin/chapter_backtracking/preorder_traversal_i_compact.kt,7,9,27
Kotlin,/tmp/clone_directory/zh-hant/codes/kotlin/chapter_dynamic_programming/climbing_stairs_backtrack.kt,5,13,27
Kotlin,/tmp/clone_directory/zh-hant/codes/kotlin/chapter_searching/linear_search.kt,7,16,27
Python,/tmp/clone_directory/zh-hant/codes/python/chapter_backtracking/subset_sum_ii.py,7,18,27
Python,/tmp/clone_directory/zh-hant/codes/python/chapter_greedy/coin_change_greedy.py,6,15,27
Python,/tmp/clone_directory/zh-hant/codes/python/chapter_hashing/hash_map.py,9,14,27
Ruby,/tmp/clone_directory/zh-hant/codes/ruby/chapter_backtracking/subset_sum_i.rb,4,16,27
Ruby,/tmp/clone_directory/zh-hant/codes/ruby/chapter_backtracking/subset_sum_i_naive.rb,5,14,27
Rust,/tmp/clone_directory/zh-hant/codes/rust/chapter_backtracking/permutations_i.rs,5,14,27
Rust,/tmp/clone_directory/zh-hant/codes/rust/chapter_hashing/hash_map.rs,7,14,27
Rust,/tmp/clone_directory/zh-hant/codes/rust/chapter_searching/binary_search_edge.rs,6,17,27
Swift,/tmp/clone_directory/zh-hant/codes/swift/chapter_divide_and_conquer/build_tree.swift,5,15,27
Swift,/tmp/clone_directory/zh-hant/codes/swift/chapter_dynamic_programming/climbing_stairs_backtrack.swift,4,13,27
TypeScript,/tmp/clone_directory/zh-hant/codes/typescript/chapter_dynamic_programming/climbing_stairs_dp.ts,4,11,27
TypeScript,/tmp/clone_directory/zh-hant/codes/typescript/chapter_searching/hashing_search.ts,7,16,27
TypeScript,/tmp/clone_directory/zh-hant/codes/typescript/modules/TreeNode.ts,3,7,27
Zig,/tmp/clone_directory/zh-hant/codes/zig/chapter_dynamic_programming/climbing_stairs_backtrack.zig,6,11,27
Markdown,/tmp/clone_directory/zh-hant/docs/chapter_divide_and_conquer/binary_search_recur.md,18,0,27
Markdown,/tmp/clone_directory/zh-hant/docs/chapter_sorting/bucket_sort.md,19,0,27
C,/tmp/clone_directory/codes/c/chapter_divide_and_conquer/binary_search_recur.c,6,15,26
C++,/tmp/clone_directory/codes/cpp/chapter_graph/graph_adjacency_list_test.cpp,8,15,26
C++,/tmp/clone_directory/codes/cpp/chapter_searching/linear_search.cpp,7,16,26
C++,/tmp/clone_directory/codes/cpp/chapter_stack_and_queue/deque.cpp,8,12,26
Dart,/tmp/clone_directory/codes/dart/chapter_searching/binary_search_edge.dart,5,17,26
Go,/tmp/clone_directory/codes/go/chapter_array_and_linkedlist/my_list_test.go,8,12,26
Go,/tmp/clone_directory/codes/go/chapter_backtracking/permutations_ii.go,3,12,26
Go,/tmp/clone_directory/codes/go/chapter_dynamic_programming/edit_distance_test.go,7,7,26
Go,/tmp/clone_directory/codes/go/chapter_graph/graph_adjacency_list_test.go,8,11,26
Go,/tmp/clone_directory/codes/go/chapter_greedy/fractional_knapsack.go,4,11,26
Java,/tmp/clone_directory/codes/java/chapter_divide_and_conquer/binary_search_recur.java,5,14,26
Java,/tmp/clone_directory/codes/java/chapter_dynamic_programming/climbing_stairs_backtrack.java,6,12,26
Java,/tmp/clone_directory/codes/java/chapter_tree/binary_tree_bfs.java,5,11,26
JavaScript,/tmp/clone_directory/codes/javascript/chapter_backtracking/permutations_ii.js,4,14,26
JavaScript,/tmp/clone_directory/codes/javascript/chapter_dynamic_programming/climbing_stairs_dp.js,3,11,26
Kotlin,/tmp/clone_directory/codes/kotlin/chapter_searching/binary_search_edge.kt,5,17,26
Kotlin,/tmp/clone_directory/codes/kotlin/chapter_searching/hashing_search.kt,7,16,26
Kotlin,/tmp/clone_directory/codes/kotlin/chapter_sorting/bucket_sort.kt,3,15,26
Python,/tmp/clone_directory/codes/python/chapter_divide_and_conquer/hanota.py,10,17,26
Ruby,/tmp/clone_directory/codes/ruby/chapter_backtracking/permutations_i.rb,6,14,26
Ruby,/tmp/clone_directory/codes/ruby/chapter_sorting/heap_sort.rb,3,16,26
Rust,/tmp/clone_directory/codes/rust/chapter_computational_complexity/worst_best_time_complexity.rs,5,12,26
Rust,/tmp/clone_directory/codes/rust/chapter_tree/binary_tree_bfs.rs,6,13,26
Swift,/tmp/clone_directory/codes/swift/chapter_greedy/max_product_cutting.swift,5,12,26
Swift,/tmp/clone_directory/codes/swift/chapter_sorting/bucket_sort.swift,2,15,26
Swift,/tmp/clone_directory/codes/swift/chapter_tree/binary_tree_bfs.swift,4,12,26
TypeScript,/tmp/clone_directory/codes/typescript/chapter_hashing/hash_map.ts,6,14,26
Markdown,/tmp/clone_directory/docs/chapter_backtracking/n_queens_problem.md,23,0,26
Markdown,/tmp/clone_directory/docs/chapter_data_structure/classification_of_data_structure.md,22,0,26
C++,/tmp/clone_directory/en/codes/cpp/chapter_graph/graph_adjacency_list_test.cpp,8,15,26
C++,/tmp/clone_directory/en/codes/cpp/chapter_searching/linear_search.cpp,7,16,26
C++,/tmp/clone_directory/en/codes/cpp/chapter_stack_and_queue/deque.cpp,8,12,26
Java,/tmp/clone_directory/en/codes/java/chapter_divide_and_conquer/binary_search_recur.java,5,14,26
Java,/tmp/clone_directory/en/codes/java/chapter_dynamic_programming/climbing_stairs_backtrack.java,6,12,26
Java,/tmp/clone_directory/en/codes/java/chapter_tree/binary_tree_bfs.java,5,11,26
Python,/tmp/clone_directory/en/codes/python/chapter_divide_and_conquer/hanota.py,10,17,26
Markdown,/tmp/clone_directory/en/docs/chapter_backtracking/n_queens_problem.md,23,0,26
Markdown,/tmp/clone_directory/en/docs/chapter_data_structure/classification_of_data_structure.md,22,0,26
C,/tmp/clone_directory/zh-hant/codes/c/chapter_divide_and_conquer/binary_search_recur.c,6,15,26
C++,/tmp/clone_directory/zh-hant/codes/cpp/chapter_graph/graph_adjacency_list_test.cpp,8,15,26
C++,/tmp/clone_directory/zh-hant/codes/cpp/chapter_searching/linear_search.cpp,7,16,26
C++,/tmp/clone_directory/zh-hant/codes/cpp/chapter_stack_and_queue/deque.cpp,8,12,26
Dart,/tmp/clone_directory/zh-hant/codes/dart/chapter_searching/binary_search_edge.dart,5,17,26
Go,/tmp/clone_directory/zh-hant/codes/go/chapter_array_and_linkedlist/my_list_test.go,8,12,26
Go,/tmp/clone_directory/zh-hant/codes/go/chapter_backtracking/permutations_ii.go,3,12,26
Go,/tmp/clone_directory/zh-hant/codes/go/chapter_dynamic_programming/edit_distance_test.go,7,7,26
Go,/tmp/clone_directory/zh-hant/codes/go/chapter_graph/graph_adjacency_list_test.go,8,11,26
Go,/tmp/clone_directory/zh-hant/codes/go/chapter_greedy/fractional_knapsack.go,4,11,26
Java,/tmp/clone_directory/zh-hant/codes/java/chapter_divide_and_conquer/binary_search_recur.java,5,14,26
Java,/tmp/clone_directory/zh-hant/codes/java/chapter_dynamic_programming/climbing_stairs_backtrack.java,6,12,26
Java,/tmp/clone_directory/zh-hant/codes/java/chapter_tree/binary_tree_bfs.java,5,11,26
JavaScript,/tmp/clone_directory/zh-hant/codes/javascript/chapter_backtracking/permutations_ii.js,4,14,26
JavaScript,/tmp/clone_directory/zh-hant/codes/javascript/chapter_dynamic_programming/climbing_stairs_dp.js,3,11,26
Kotlin,/tmp/clone_directory/zh-hant/codes/kotlin/chapter_searching/binary_search_edge.kt,5,17,26
Kotlin,/tmp/clone_directory/zh-hant/codes/kotlin/chapter_searching/hashing_search.kt,7,16,26
Kotlin,/tmp/clone_directory/zh-hant/codes/kotlin/chapter_sorting/bucket_sort.kt,3,15,26
Python,/tmp/clone_directory/zh-hant/codes/python/chapter_divide_and_conquer/hanota.py,10,17,26
Ruby,/tmp/clone_directory/zh-hant/codes/ruby/chapter_backtracking/permutations_i.rb,6,14,26
Ruby,/tmp/clone_directory/zh-hant/codes/ruby/chapter_sorting/heap_sort.rb,3,16,26
Rust,/tmp/clone_directory/zh-hant/codes/rust/chapter_computational_complexity/worst_best_time_complexity.rs,5,12,26
Rust,/tmp/clone_directory/zh-hant/codes/rust/chapter_tree/binary_tree_bfs.rs,6,13,26
Swift,/tmp/clone_directory/zh-hant/codes/swift/chapter_greedy/max_product_cutting.swift,5,12,26
Swift,/tmp/clone_directory/zh-hant/codes/swift/chapter_sorting/bucket_sort.swift,2,15,26
Swift,/tmp/clone_directory/zh-hant/codes/swift/chapter_tree/binary_tree_bfs.swift,4,12,26
TypeScript,/tmp/clone_directory/zh-hant/codes/typescript/chapter_hashing/hash_map.ts,6,14,26
Markdown,/tmp/clone_directory/zh-hant/docs/chapter_backtracking/n_queens_problem.md,23,0,26
Markdown,/tmp/clone_directory/zh-hant/docs/chapter_data_structure/classification_of_data_structure.md,22,0,26
YAML,/tmp/clone_directory/.github/workflows/javascript.yml,2,0,25
C,/tmp/clone_directory/codes/c/chapter_dynamic_programming/climbing_stairs_dfs_mem.c,6,13,25
C,/tmp/clone_directory/codes/c/chapter_tree/binary_tree.c,5,13,25
C++,/tmp/clone_directory/codes/cpp/chapter_divide_and_conquer/binary_search_recur.cpp,6,15,25
C++,/tmp/clone_directory/codes/cpp/chapter_hashing/hash_map.cpp,7,14,25
C++,/tmp/clone_directory/codes/cpp/chapter_sorting/bucket_sort.cpp,4,15,25
C++,/tmp/clone_directory/codes/cpp/chapter_tree/binary_tree.cpp,5,13,25
C++,/tmp/clone_directory/codes/cpp/chapter_tree/binary_tree_bfs.cpp,5,12,25
C#,/tmp/clone_directory/codes/csharp/chapter_dynamic_programming/climbing_stairs_backtrack.cs,4,12,25
C#,/tmp/clone_directory/codes/csharp/chapter_stack_and_queue/deque.cs,7,12,25
C#,/tmp/clone_directory/codes/csharp/chapter_tree/binary_tree.cs,3,11,25
C#,/tmp/clone_directory/codes/csharp/chapter_tree/binary_tree_bfs.cs,5,10,25
Dart,/tmp/clone_directory/codes/dart/chapter_searching/linear_search.dart,6,16,25
Go,/tmp/clone_directory/codes/go/chapter_backtracking/subset_sum_i.go,4,13,25
Java,/tmp/clone_directory/codes/java/chapter_hashing/built_in_hash.java,8,5,25
Java,/tmp/clone_directory/codes/java/chapter_heap/top_k.java,5,10,25
Java,/tmp/clone_directory/codes/java/chapter_tree/binary_tree.java,4,11,25
JavaScript,/tmp/clone_directory/codes/javascript/chapter_divide_and_conquer/build_tree.js,4,15,25
JavaScript,/tmp/clone_directory/codes/javascript/chapter_hashing/hash_map.js,5,14,25
JavaScript,/tmp/clone_directory/codes/javascript/chapter_searching/linear_search.js,6,16,25
JavaScript,/tmp/clone_directory/codes/javascript/modules/TreeNode.js,3,7,25
Kotlin,/tmp/clone_directory/codes/kotlin/chapter_stack_and_queue/deque.kt,8,12,25
Kotlin,/tmp/clone_directory/codes/kotlin/chapter_tree/binary_tree_bfs.kt,5,12,25
Python,/tmp/clone_directory/codes/python/chapter_backtracking/subset_sum_i.py,7,16,25
Python,/tmp/clone_directory/codes/python/chapter_searching/hashing_search.py,10,16,25
Ruby,/tmp/clone_directory/codes/ruby/chapter_searching/hashing_search.rb,6,16,25
Rust,/tmp/clone_directory/codes/rust/chapter_sorting/bucket_sort.rs,3,15,25
Rust,/tmp/clone_directory/codes/rust/chapter_tree/binary_tree.rs,2,12,25
Swift,/tmp/clone_directory/codes/swift/chapter_computational_complexity/worst_best_time_complexity.swift,3,12,25
Swift,/tmp/clone_directory/codes/swift/chapter_divide_and_conquer/binary_search_recur.swift,4,15,25
Swift,/tmp/clone_directory/codes/swift/chapter_tree/binary_tree.swift,3,12,25
TypeScript,/tmp/clone_directory/codes/typescript/chapter_searching/binary_search_edge.ts,4,17,25
Markdown,/tmp/clone_directory/docs/chapter_sorting/radix_sort.md,16,0,25
C++,/tmp/clone_directory/en/codes/cpp/chapter_divide_and_conquer/binary_search_recur.cpp,6,15,25
C++,/tmp/clone_directory/en/codes/cpp/chapter_hashing/hash_map.cpp,7,14,25
C++,/tmp/clone_directory/en/codes/cpp/chapter_sorting/bucket_sort.cpp,4,15,25
C++,/tmp/clone_directory/en/codes/cpp/chapter_tree/binary_tree.cpp,5,13,25
C++,/tmp/clone_directory/en/codes/cpp/chapter_tree/binary_tree_bfs.cpp,5,12,25
Java,/tmp/clone_directory/en/codes/java/chapter_hashing/built_in_hash.java,8,5,25
Java,/tmp/clone_directory/en/codes/java/chapter_heap/top_k.java,5,10,25
Java,/tmp/clone_directory/en/codes/java/chapter_tree/binary_tree.java,4,11,25
Python,/tmp/clone_directory/en/codes/python/chapter_backtracking/subset_sum_i.py,7,16,25
Python,/tmp/clone_directory/en/codes/python/chapter_searching/hashing_search.py,10,16,25
Markdown,/tmp/clone_directory/en/docs/chapter_sorting/radix_sort.md,16,0,25
C,/tmp/clone_directory/zh-hant/codes/c/chapter_dynamic_programming/climbing_stairs_dfs_mem.c,6,13,25
C,/tmp/clone_directory/zh-hant/codes/c/chapter_tree/binary_tree.c,5,13,25
C++,/tmp/clone_directory/zh-hant/codes/cpp/chapter_divide_and_conquer/binary_search_recur.cpp,6,15,25
C++,/tmp/clone_directory/zh-hant/codes/cpp/chapter_hashing/hash_map.cpp,7,14,25
C++,/tmp/clone_directory/zh-hant/codes/cpp/chapter_sorting/bucket_sort.cpp,4,15,25
C++,/tmp/clone_directory/zh-hant/codes/cpp/chapter_tree/binary_tree.cpp,5,13,25
C++,/tmp/clone_directory/zh-hant/codes/cpp/chapter_tree/binary_tree_bfs.cpp,5,12,25
C#,/tmp/clone_directory/zh-hant/codes/csharp/chapter_dynamic_programming/climbing_stairs_backtrack.cs,4,12,25
C#,/tmp/clone_directory/zh-hant/codes/csharp/chapter_stack_and_queue/deque.cs,7,12,25
C#,/tmp/clone_directory/zh-hant/codes/csharp/chapter_tree/binary_tree.cs,3,11,25
C#,/tmp/clone_directory/zh-hant/codes/csharp/chapter_tree/binary_tree_bfs.cs,5,10,25
Dart,/tmp/clone_directory/zh-hant/codes/dart/chapter_searching/linear_search.dart,6,16,25
Go,/tmp/clone_directory/zh-hant/codes/go/chapter_backtracking/subset_sum_i.go,4,13,25
Java,/tmp/clone_directory/zh-hant/codes/java/chapter_hashing/built_in_hash.java,8,5,25
Java,/tmp/clone_directory/zh-hant/codes/java/chapter_heap/top_k.java,5,10,25
Java,/tmp/clone_directory/zh-hant/codes/java/chapter_tree/binary_tree.java,4,11,25
JavaScript,/tmp/clone_directory/zh-hant/codes/javascript/chapter_divide_and_conquer/build_tree.js,4,15,25
JavaScript,/tmp/clone_directory/zh-hant/codes/javascript/chapter_hashing/hash_map.js,5,14,25
JavaScript,/tmp/clone_directory/zh-hant/codes/javascript/chapter_searching/linear_search.js,6,16,25
JavaScript,/tmp/clone_directory/zh-hant/codes/javascript/modules/TreeNode.js,3,7,25
Kotlin,/tmp/clone_directory/zh-hant/codes/kotlin/chapter_stack_and_queue/deque.kt,8,12,25
Kotlin,/tmp/clone_directory/zh-hant/codes/kotlin/chapter_tree/binary_tree_bfs.kt,5,12,25
Python,/tmp/clone_directory/zh-hant/codes/python/chapter_backtracking/subset_sum_i.py,7,16,25
Python,/tmp/clone_directory/zh-hant/codes/python/chapter_searching/hashing_search.py,10,16,25
Ruby,/tmp/clone_directory/zh-hant/codes/ruby/chapter_searching/hashing_search.rb,6,16,25
Rust,/tmp/clone_directory/zh-hant/codes/rust/chapter_sorting/bucket_sort.rs,3,15,25
Rust,/tmp/clone_directory/zh-hant/codes/rust/chapter_tree/binary_tree.rs,2,12,25
Swift,/tmp/clone_directory/zh-hant/codes/swift/chapter_computational_complexity/worst_best_time_complexity.swift,3,12,25
Swift,/tmp/clone_directory/zh-hant/codes/swift/chapter_divide_and_conquer/binary_search_recur.swift,4,15,25
Swift,/tmp/clone_directory/zh-hant/codes/swift/chapter_tree/binary_tree.swift,3,12,25
TypeScript,/tmp/clone_directory/zh-hant/codes/typescript/chapter_searching/binary_search_edge.ts,4,17,25
Markdown,/tmp/clone_directory/zh-hant/docs/chapter_sorting/radix_sort.md,16,0,25
YAML,/tmp/clone_directory/.github/workflows/java.yml,3,2,24
YAML,/tmp/clone_directory/.github/workflows/typescript.yml,2,0,24
C++,/tmp/clone_directory/codes/cpp/chapter_backtracking/preorder_traversal_i_compact.cpp,6,9,24
C#,/tmp/clone_directory/codes/csharp/chapter_dynamic_programming/climbing_stairs_constraint_dp.cs,3,9,24
C#,/tmp/clone_directory/codes/csharp/chapter_hashing/built_in_hash.cs,7,5,24
C#,/tmp/clone_directory/codes/csharp/chapter_heap/top_k.cs,3,10,24
Dart,/tmp/clone_directory/codes/dart/chapter_stack_and_queue/deque.dart,7,11,24
Go,/tmp/clone_directory/codes/go/chapter_backtracking/permutations_i.go,3,11,24
Go,/tmp/clone_directory/codes/go/chapter_graph/graph_adjacency_matrix_test.go,7,12,24
Go,/tmp/clone_directory/codes/go/chapter_graph/graph_bfs.go,3,14,24
Go,/tmp/clone_directory/codes/go/chapter_greedy/coin_change_greedy_test.go,5,6,24
Go,/tmp/clone_directory/codes/go/chapter_searching/hashing_search_test.go,5,7,24
Go,/tmp/clone_directory/codes/go/chapter_sorting/bubble_sort.go,3,11,24
JavaScript,/tmp/clone_directory/codes/javascript/chapter_backtracking/permutations_i.js,4,14,24
JavaScript,/tmp/clone_directory/codes/javascript/chapter_backtracking/preorder_traversal_ii_compact.js,5,11,24
JavaScript,/tmp/clone_directory/codes/javascript/chapter_backtracking/preorder_traversal_iii_compact.js,5,12,24
JavaScript,/tmp/clone_directory/codes/javascript/chapter_searching/binary_search_edge.js,4,17,24
Kotlin,/tmp/clone_directory/codes/kotlin/chapter_tree/binary_tree.kt,4,12,24
Python,/tmp/clone_directory/codes/python/chapter_backtracking/permutations_ii.py,8,14,24
Python,/tmp/clone_directory/codes/python/chapter_dynamic_programming/min_cost_climbing_stairs_dp.py,8,11,24
Python,/tmp/clone_directory/codes/python/chapter_tree/binary_tree.py,5,12,24
Ruby,/tmp/clone_directory/codes/ruby/chapter_divide_and_conquer/build_tree.rb,7,15,24
Ruby,/tmp/clone_directory/codes/ruby/chapter_searching/two_sum.rb,7,15,24
Rust,/tmp/clone_directory/codes/rust/chapter_dynamic_programming/climbing_stairs_backtrack.rs,4,13,24
Swift,/tmp/clone_directory/codes/swift/chapter_hashing/built_in_hash.swift,7,6,24
Swift,/tmp/clone_directory/codes/swift/chapter_stack_and_queue/deque.swift,6,14,24
TypeScript,/tmp/clone_directory/codes/typescript/chapter_dynamic_programming/climbing_stairs_backtrack.ts,4,13,24
TypeScript,/tmp/clone_directory/codes/typescript/chapter_sorting/bucket_sort.ts,3,14,24
TypeScript,/tmp/clone_directory/codes/typescript/chapter_stack_and_queue/deque.ts,7,15,24
TypeScript,/tmp/clone_directory/codes/typescript/chapter_tree/binary_tree_bfs.ts,5,12,24
Zig,/tmp/clone_directory/codes/zig/chapter_tree/binary_tree.zig,5,10,24
C++,/tmp/clone_directory/en/codes/cpp/chapter_backtracking/preorder_traversal_i_compact.cpp,6,9,24
Python,/tmp/clone_directory/en/codes/python/chapter_backtracking/permutations_ii.py,8,14,24
Python,/tmp/clone_directory/en/codes/python/chapter_dynamic_programming/min_cost_climbing_stairs_dp.py,8,11,24
Python,/tmp/clone_directory/en/codes/python/chapter_tree/binary_tree.py,5,12,24
Python,/tmp/clone_directory/en/codes/python/test_all.py,4,5,24
C++,/tmp/clone_directory/zh-hant/codes/cpp/chapter_backtracking/preorder_traversal_i_compact.cpp,6,9,24
C#,/tmp/clone_directory/zh-hant/codes/csharp/chapter_dynamic_programming/climbing_stairs_constraint_dp.cs,3,9,24
C#,/tmp/clone_directory/zh-hant/codes/csharp/chapter_hashing/built_in_hash.cs,7,5,24
C#,/tmp/clone_directory/zh-hant/codes/csharp/chapter_heap/top_k.cs,3,10,24
Dart,/tmp/clone_directory/zh-hant/codes/dart/chapter_stack_and_queue/deque.dart,7,11,24
Go,/tmp/clone_directory/zh-hant/codes/go/chapter_backtracking/permutations_i.go,3,11,24
Go,/tmp/clone_directory/zh-hant/codes/go/chapter_graph/graph_adjacency_matrix_test.go,7,12,24
Go,/tmp/clone_directory/zh-hant/codes/go/chapter_graph/graph_bfs.go,3,14,24
Go,/tmp/clone_directory/zh-hant/codes/go/chapter_greedy/coin_change_greedy_test.go,5,6,24
Go,/tmp/clone_directory/zh-hant/codes/go/chapter_searching/hashing_search_test.go,5,7,24
Go,/tmp/clone_directory/zh-hant/codes/go/chapter_sorting/bubble_sort.go,3,11,24
JavaScript,/tmp/clone_directory/zh-hant/codes/javascript/chapter_backtracking/permutations_i.js,4,14,24
JavaScript,/tmp/clone_directory/zh-hant/codes/javascript/chapter_backtracking/preorder_traversal_ii_compact.js,5,11,24
JavaScript,/tmp/clone_directory/zh-hant/codes/javascript/chapter_backtracking/preorder_traversal_iii_compact.js,5,12,24
JavaScript,/tmp/clone_directory/zh-hant/codes/javascript/chapter_searching/binary_search_edge.js,4,17,24
Kotlin,/tmp/clone_directory/zh-hant/codes/kotlin/chapter_tree/binary_tree.kt,4,12,24
Python,/tmp/clone_directory/zh-hant/codes/python/chapter_backtracking/permutations_ii.py,8,14,24
Python,/tmp/clone_directory/zh-hant/codes/python/chapter_dynamic_programming/min_cost_climbing_stairs_dp.py,8,11,24
Python,/tmp/clone_directory/zh-hant/codes/python/chapter_tree/binary_tree.py,5,12,24
Python,/tmp/clone_directory/zh-hant/codes/python/test_all.py,4,5,24
Ruby,/tmp/clone_directory/zh-hant/codes/ruby/chapter_divide_and_conquer/build_tree.rb,7,15,24
Ruby,/tmp/clone_directory/zh-hant/codes/ruby/chapter_searching/two_sum.rb,7,15,24
Rust,/tmp/clone_directory/zh-hant/codes/rust/chapter_dynamic_programming/climbing_stairs_backtrack.rs,4,13,24
Swift,/tmp/clone_directory/zh-hant/codes/swift/chapter_hashing/built_in_hash.swift,7,6,24
Swift,/tmp/clone_directory/zh-hant/codes/swift/chapter_stack_and_queue/deque.swift,6,14,24
TypeScript,/tmp/clone_directory/zh-hant/codes/typescript/chapter_dynamic_programming/climbing_stairs_backtrack.ts,4,13,24
TypeScript,/tmp/clone_directory/zh-hant/codes/typescript/chapter_sorting/bucket_sort.ts,3,14,24
TypeScript,/tmp/clone_directory/zh-hant/codes/typescript/chapter_stack_and_queue/deque.ts,7,15,24
TypeScript,/tmp/clone_directory/zh-hant/codes/typescript/chapter_tree/binary_tree_bfs.ts,5,12,24
Zig,/tmp/clone_directory/zh-hant/codes/zig/chapter_tree/binary_tree.zig,5,10,24
C++,/tmp/clone_directory/codes/cpp/chapter_dynamic_programming/climbing_stairs_backtrack.cpp,7,13,23
C#,/tmp/clone_directory/codes/csharp/chapter_backtracking/preorder_traversal_i_compact.cs,6,8,23
C#,/tmp/clone_directory/codes/csharp/chapter_dynamic_programming/climbing_stairs_dfs_mem.cs,4,12,23
C#,/tmp/clone_directory/codes/csharp/chapter_greedy/max_capacity.cs,4,12,23
C#,/tmp/clone_directory/codes/csharp/chapter_greedy/max_product_cutting.cs,4,12,23
Visual Studio Solution,/tmp/clone_directory/codes/csharp/csharp.sln,1,1,23
C#,/tmp/clone_directory/codes/csharp/utils/ListNode.cs,4,5,23
Dart,/tmp/clone_directory/codes/dart/chapter_computational_complexity/worst_best_time_complexity.dart,5,12,23
Dart,/tmp/clone_directory/codes/dart/chapter_divide_and_conquer/binary_search_recur.dart,4,15,23
Dart,/tmp/clone_directory/codes/dart/chapter_tree/binary_tree.dart,3,11,23
Go,/tmp/clone_directory/codes/go/chapter_backtracking/subset_sum_i_naive.go,3,11,23
Go,/tmp/clone_directory/codes/go/chapter_dynamic_programming/climbing_stairs_dp.go,3,9,23
Go,/tmp/clone_directory/codes/go/chapter_sorting/bucket_sort.go,3,11,23
Go,/tmp/clone_directory/codes/go/chapter_sorting/quick_sort_test.go,5,6,23
Java,/tmp/clone_directory/codes/java/chapter_dynamic_programming/climbing_stairs_constraint_dp.java,4,9,23
Java,/tmp/clone_directory/codes/java/chapter_dynamic_programming/climbing_stairs_dfs_mem.java,6,12,23
Java,/tmp/clone_directory/codes/java/chapter_greedy/max_product_cutting.java,5,12,23
JavaScript,/tmp/clone_directory/codes/javascript/chapter_searching/hashing_search.js,6,16,23
JavaScript,/tmp/clone_directory/codes/javascript/chapter_sorting/bucket_sort.js,2,14,23
JavaScript,/tmp/clone_directory/codes/javascript/chapter_stack_and_queue/deque.js,6,15,23
JavaScript,/tmp/clone_directory/codes/javascript/modules/Vertex.js,4,8,23
Kotlin,/tmp/clone_directory/codes/kotlin/chapter_greedy/max_capacity.kt,5,13,23
Kotlin,/tmp/clone_directory/codes/kotlin/chapter_heap/top_k.kt,4,11,23
Python,/tmp/clone_directory/codes/python/chapter_backtracking/preorder_traversal_ii_compact.py,8,11,23
Python,/tmp/clone_directory/codes/python/chapter_backtracking/preorder_traversal_iii_compact.py,8,12,23
Python,/tmp/clone_directory/codes/python/chapter_greedy/fractional_knapsack.py,8,15,23
Python,/tmp/clone_directory/codes/python/chapter_hashing/built_in_hash.py,8,6,23
Python,/tmp/clone_directory/codes/python/chapter_searching/binary_search_edge.py,9,17,23
Python,/tmp/clone_directory/codes/python/chapter_searching/linear_search.py,10,12,23
Python,/tmp/clone_directory/codes/python/chapter_sorting/bubble_sort.py,7,14,23
Python,/tmp/clone_directory/codes/python/chapter_sorting/heap_sort.py,6,16,23
Python,/tmp/clone_directory/codes/python/chapter_stack_and_queue/deque.py,7,12,23
Python,/tmp/clone_directory/codes/python/chapter_tree/binary_tree_bfs.py,7,12,23
Ruby,/tmp/clone_directory/codes/ruby/chapter_dynamic_programming/min_cost_climbing_stairs_dp.rb,5,11,23
Ruby,/tmp/clone_directory/codes/ruby/chapter_searching/linear_search.rb,9,12,23
Ruby,/tmp/clone_directory/codes/ruby/chapter_sorting/bucket_sort.rb,5,15,23
Ruby,/tmp/clone_directory/codes/ruby/chapter_tree/binary_tree.rb,3,12,23
Ruby,/tmp/clone_directory/codes/ruby/utils/list_node.rb,7,8,23
Rust,/tmp/clone_directory/codes/rust/chapter_divide_and_conquer/binary_search_recur.rs,4,14,23
Rust,/tmp/clone_directory/codes/rust/chapter_heap/top_k.rs,5,11,23
Swift,/tmp/clone_directory/codes/swift/chapter_dynamic_programming/climbing_stairs_constraint_dp.swift,3,10,23
Swift,/tmp/clone_directory/codes/swift/chapter_dynamic_programming/climbing_stairs_dfs_mem.swift,4,13,23
Swift,/tmp/clone_directory/codes/swift/utils/ListNode.swift,5,5,23
Zig,/tmp/clone_directory/codes/zig/chapter_stack_and_queue/stack.zig,8,12,23
C++,/tmp/clone_directory/en/codes/cpp/chapter_dynamic_programming/climbing_stairs_backtrack.cpp,7,13,23
Java,/tmp/clone_directory/en/codes/java/chapter_dynamic_programming/climbing_stairs_constraint_dp.java,4,9,23
Java,/tmp/clone_directory/en/codes/java/chapter_dynamic_programming/climbing_stairs_dfs_mem.java,6,12,23
Java,/tmp/clone_directory/en/codes/java/chapter_greedy/max_product_cutting.java,5,12,23
Python,/tmp/clone_directory/en/codes/python/chapter_backtracking/preorder_traversal_ii_compact.py,8,11,23
Python,/tmp/clone_directory/en/codes/python/chapter_backtracking/preorder_traversal_iii_compact.py,8,12,23
Python,/tmp/clone_directory/en/codes/python/chapter_greedy/fractional_knapsack.py,8,15,23
Python,/tmp/clone_directory/en/codes/python/chapter_hashing/built_in_hash.py,8,6,23
Python,/tmp/clone_directory/en/codes/python/chapter_searching/binary_search_edge.py,9,17,23
Python,/tmp/clone_directory/en/codes/python/chapter_searching/linear_search.py,10,12,23
Python,/tmp/clone_directory/en/codes/python/chapter_sorting/bubble_sort.py,7,14,23
Python,/tmp/clone_directory/en/codes/python/chapter_sorting/heap_sort.py,6,16,23
Python,/tmp/clone_directory/en/codes/python/chapter_stack_and_queue/deque.py,7,12,23
Python,/tmp/clone_directory/en/codes/python/chapter_tree/binary_tree_bfs.py,7,12,23
C++,/tmp/clone_directory/zh-hant/codes/cpp/chapter_dynamic_programming/climbing_stairs_backtrack.cpp,7,13,23
C#,/tmp/clone_directory/zh-hant/codes/csharp/chapter_backtracking/preorder_traversal_i_compact.cs,6,8,23
C#,/tmp/clone_directory/zh-hant/codes/csharp/chapter_dynamic_programming/climbing_stairs_dfs_mem.cs,4,12,23
C#,/tmp/clone_directory/zh-hant/codes/csharp/chapter_greedy/max_capacity.cs,4,12,23
C#,/tmp/clone_directory/zh-hant/codes/csharp/chapter_greedy/max_product_cutting.cs,4,12,23
Visual Studio Solution,/tmp/clone_directory/zh-hant/codes/csharp/csharp.sln,1,1,23
C#,/tmp/clone_directory/zh-hant/codes/csharp/utils/ListNode.cs,4,5,23
Dart,/tmp/clone_directory/zh-hant/codes/dart/chapter_computational_complexity/worst_best_time_complexity.dart,5,12,23
Dart,/tmp/clone_directory/zh-hant/codes/dart/chapter_divide_and_conquer/binary_search_recur.dart,4,15,23
Dart,/tmp/clone_directory/zh-hant/codes/dart/chapter_tree/binary_tree.dart,3,11,23
Go,/tmp/clone_directory/zh-hant/codes/go/chapter_backtracking/subset_sum_i_naive.go,3,11,23
Go,/tmp/clone_directory/zh-hant/codes/go/chapter_dynamic_programming/climbing_stairs_dp.go,3,9,23
Go,/tmp/clone_directory/zh-hant/codes/go/chapter_sorting/bucket_sort.go,3,11,23
Go,/tmp/clone_directory/zh-hant/codes/go/chapter_sorting/quick_sort_test.go,5,6,23
Java,/tmp/clone_directory/zh-hant/codes/java/chapter_dynamic_programming/climbing_stairs_constraint_dp.java,4,9,23
Java,/tmp/clone_directory/zh-hant/codes/java/chapter_dynamic_programming/climbing_stairs_dfs_mem.java,6,12,23
Java,/tmp/clone_directory/zh-hant/codes/java/chapter_greedy/max_product_cutting.java,5,12,23
JavaScript,/tmp/clone_directory/zh-hant/codes/javascript/chapter_searching/hashing_search.js,6,16,23
JavaScript,/tmp/clone_directory/zh-hant/codes/javascript/chapter_sorting/bucket_sort.js,2,14,23
JavaScript,/tmp/clone_directory/zh-hant/codes/javascript/chapter_stack_and_queue/deque.js,6,15,23
JavaScript,/tmp/clone_directory/zh-hant/codes/javascript/modules/Vertex.js,4,8,23
Kotlin,/tmp/clone_directory/zh-hant/codes/kotlin/chapter_greedy/max_capacity.kt,5,13,23
Kotlin,/tmp/clone_directory/zh-hant/codes/kotlin/chapter_heap/top_k.kt,4,11,23
Python,/tmp/clone_directory/zh-hant/codes/python/chapter_backtracking/preorder_traversal_ii_compact.py,8,11,23
Python,/tmp/clone_directory/zh-hant/codes/python/chapter_backtracking/preorder_traversal_iii_compact.py,8,12,23
Python,/tmp/clone_directory/zh-hant/codes/python/chapter_greedy/fractional_knapsack.py,8,15,23
Python,/tmp/clone_directory/zh-hant/codes/python/chapter_hashing/built_in_hash.py,8,6,23
Python,/tmp/clone_directory/zh-hant/codes/python/chapter_searching/binary_search_edge.py,9,17,23
Python,/tmp/clone_directory/zh-hant/codes/python/chapter_searching/linear_search.py,10,12,23
Python,/tmp/clone_directory/zh-hant/codes/python/chapter_sorting/bubble_sort.py,7,14,23
Python,/tmp/clone_directory/zh-hant/codes/python/chapter_sorting/heap_sort.py,6,16,23
Python,/tmp/clone_directory/zh-hant/codes/python/chapter_stack_and_queue/deque.py,7,12,23
Python,/tmp/clone_directory/zh-hant/codes/python/chapter_tree/binary_tree_bfs.py,7,12,23
Ruby,/tmp/clone_directory/zh-hant/codes/ruby/chapter_dynamic_programming/min_cost_climbing_stairs_dp.rb,5,11,23
Ruby,/tmp/clone_directory/zh-hant/codes/ruby/chapter_searching/linear_search.rb,9,12,23
Ruby,/tmp/clone_directory/zh-hant/codes/ruby/chapter_sorting/bucket_sort.rb,5,15,23
Ruby,/tmp/clone_directory/zh-hant/codes/ruby/chapter_tree/binary_tree.rb,3,12,23
Ruby,/tmp/clone_directory/zh-hant/codes/ruby/utils/list_node.rb,7,8,23
Rust,/tmp/clone_directory/zh-hant/codes/rust/chapter_divide_and_conquer/binary_search_recur.rs,4,14,23
Rust,/tmp/clone_directory/zh-hant/codes/rust/chapter_heap/top_k.rs,5,11,23
Swift,/tmp/clone_directory/zh-hant/codes/swift/chapter_dynamic_programming/climbing_stairs_constraint_dp.swift,3,10,23
Swift,/tmp/clone_directory/zh-hant/codes/swift/chapter_dynamic_programming/climbing_stairs_dfs_mem.swift,4,13,23
Swift,/tmp/clone_directory/zh-hant/codes/swift/utils/ListNode.swift,5,5,23
Zig,/tmp/clone_directory/zh-hant/codes/zig/chapter_stack_and_queue/stack.zig,8,12,23
C++,/tmp/clone_directory/codes/cpp/chapter_dynamic_programming/climbing_stairs_constraint_dp.cpp,5,10,22
C++,/tmp/clone_directory/codes/cpp/chapter_heap/top_k.cpp,5,11,22
C/C++ Header,/tmp/clone_directory/codes/cpp/utils/vertex.hpp,6,8,22
Dart,/tmp/clone_directory/codes/dart/chapter_dynamic_programming/climbing_stairs_backtrack.dart,4,13,22
Dart,/tmp/clone_directory/codes/dart/chapter_hashing/hash_map.dart,5,14,22
Dart,/tmp/clone_directory/codes/dart/chapter_sorting/bucket_sort.dart,3,14,22
Dart,/tmp/clone_directory/codes/dart/chapter_tree/binary_tree_bfs.dart,4,12,22
Go,/tmp/clone_directory/codes/go/chapter_array_and_linkedlist/array_test.go,10,18,22
Go,/tmp/clone_directory/codes/go/chapter_backtracking/permutation_test.go,7,4,22
Go,/tmp/clone_directory/codes/go/chapter_computational_complexity/worst_best_time_complexity.go,4,9,22
Go,/tmp/clone_directory/codes/go/chapter_heap/heap.go,8,15,22
Go,/tmp/clone_directory/codes/go/chapter_searching/two_sum.go,3,8,22
Java,/tmp/clone_directory/codes/java/chapter_greedy/max_capacity.java,4,12,22
Java,/tmp/clone_directory/codes/java/chapter_sorting/selection_sort.java,4,9,22
Java,/tmp/clone_directory/codes/java/utils/Vertex.java,6,8,22
Kotlin,/tmp/clone_directory/codes/kotlin/chapter_hashing/built_in_hash.kt,8,6,22
Python,/tmp/clone_directory/codes/python/chapter_backtracking/permutations_i.py,8,14,22
Ruby,/tmp/clone_directory/codes/ruby/chapter_hashing/hash_map.rb,8,14,22
Ruby,/tmp/clone_directory/codes/ruby/chapter_searching/binary_search_edge.rb,10,15,22
Rust,/tmp/clone_directory/codes/rust/chapter_sorting/selection_sort.rs,3,10,22
Swift,/tmp/clone_directory/codes/swift/chapter_greedy/max_capacity.swift,3,13,22
Swift,/tmp/clone_directory/codes/swift/chapter_heap/top_k.swift,4,10,22
TypeScript,/tmp/clone_directory/codes/typescript/chapter_divide_and_conquer/binary_search_recur.ts,4,15,22
TypeScript,/tmp/clone_directory/codes/typescript/chapter_tree/binary_tree.ts,4,11,22
Zig,/tmp/clone_directory/codes/zig/chapter_dynamic_programming/climbing_stairs_constraint_dp.zig,5,8,22
Zig,/tmp/clone_directory/codes/zig/chapter_dynamic_programming/climbing_stairs_dfs_mem.zig,6,11,22
C++,/tmp/clone_directory/en/codes/cpp/chapter_dynamic_programming/climbing_stairs_constraint_dp.cpp,5,10,22
C++,/tmp/clone_directory/en/codes/cpp/chapter_heap/top_k.cpp,5,11,22
C/C++ Header,/tmp/clone_directory/en/codes/cpp/utils/vertex.hpp,6,8,22
Java,/tmp/clone_directory/en/codes/java/chapter_greedy/max_capacity.java,4,12,22
Java,/tmp/clone_directory/en/codes/java/chapter_sorting/selection_sort.java,4,9,22
Java,/tmp/clone_directory/en/codes/java/utils/Vertex.java,6,8,22
Python,/tmp/clone_directory/en/codes/python/chapter_backtracking/permutations_i.py,8,14,22
C/C++ Header,/tmp/clone_directory/zh-hant/codes/c/utils/common.h,8,6,22
C,/tmp/clone_directory/zh-hant/codes/c/utils/common_test.c,6,7,22
C++,/tmp/clone_directory/zh-hant/codes/cpp/chapter_dynamic_programming/climbing_stairs_constraint_dp.cpp,5,10,22
C++,/tmp/clone_directory/zh-hant/codes/cpp/chapter_heap/top_k.cpp,5,11,22
C/C++ Header,/tmp/clone_directory/zh-hant/codes/cpp/utils/vertex.hpp,6,8,22
Dart,/tmp/clone_directory/zh-hant/codes/dart/chapter_dynamic_programming/climbing_stairs_backtrack.dart,4,13,22
Dart,/tmp/clone_directory/zh-hant/codes/dart/chapter_hashing/hash_map.dart,5,14,22
Dart,/tmp/clone_directory/zh-hant/codes/dart/chapter_sorting/bucket_sort.dart,3,14,22
Dart,/tmp/clone_directory/zh-hant/codes/dart/chapter_tree/binary_tree_bfs.dart,4,12,22
Go,/tmp/clone_directory/zh-hant/codes/go/chapter_array_and_linkedlist/array_test.go,10,18,22
Go,/tmp/clone_directory/zh-hant/codes/go/chapter_backtracking/permutation_test.go,7,4,22
Go,/tmp/clone_directory/zh-hant/codes/go/chapter_computational_complexity/worst_best_time_complexity.go,4,9,22
Go,/tmp/clone_directory/zh-hant/codes/go/chapter_heap/heap.go,8,15,22
Go,/tmp/clone_directory/zh-hant/codes/go/chapter_searching/two_sum.go,3,8,22
Java,/tmp/clone_directory/zh-hant/codes/java/chapter_greedy/max_capacity.java,4,12,22
Java,/tmp/clone_directory/zh-hant/codes/java/chapter_sorting/selection_sort.java,4,9,22
Java,/tmp/clone_directory/zh-hant/codes/java/utils/Vertex.java,6,8,22
Kotlin,/tmp/clone_directory/zh-hant/codes/kotlin/chapter_hashing/built_in_hash.kt,8,6,22
Python,/tmp/clone_directory/zh-hant/codes/python/chapter_backtracking/permutations_i.py,8,14,22
Ruby,/tmp/clone_directory/zh-hant/codes/ruby/chapter_hashing/hash_map.rb,8,14,22
Ruby,/tmp/clone_directory/zh-hant/codes/ruby/chapter_searching/binary_search_edge.rb,10,15,22
Rust,/tmp/clone_directory/zh-hant/codes/rust/chapter_sorting/selection_sort.rs,3,10,22
Swift,/tmp/clone_directory/zh-hant/codes/swift/chapter_greedy/max_capacity.swift,3,13,22
Swift,/tmp/clone_directory/zh-hant/codes/swift/chapter_heap/top_k.swift,4,10,22
TypeScript,/tmp/clone_directory/zh-hant/codes/typescript/chapter_divide_and_conquer/binary_search_recur.ts,4,15,22
TypeScript,/tmp/clone_directory/zh-hant/codes/typescript/chapter_tree/binary_tree.ts,4,11,22
Zig,/tmp/clone_directory/zh-hant/codes/zig/chapter_dynamic_programming/climbing_stairs_constraint_dp.zig,5,8,22
Zig,/tmp/clone_directory/zh-hant/codes/zig/chapter_dynamic_programming/climbing_stairs_dfs_mem.zig,6,11,22
YAML,/tmp/clone_directory/.github/workflows/rust.yml,6,0,21
C,/tmp/clone_directory/codes/c/chapter_greedy/max_product_cutting.c,4,13,21
C,/tmp/clone_directory/codes/c/chapter_sorting/insertion_sort.c,4,11,21
C,/tmp/clone_directory/codes/c/chapter_sorting/selection_sort.c,6,10,21
C++,/tmp/clone_directory/codes/cpp/chapter_greedy/max_capacity.cpp,5,13,21
C++,/tmp/clone_directory/codes/cpp/chapter_greedy/max_product_cutting.cpp,5,13,21
C++,/tmp/clone_directory/codes/cpp/chapter_stack_and_queue/queue.cpp,8,12,21
C++,/tmp/clone_directory/codes/cpp/chapter_stack_and_queue/stack.cpp,8,12,21
C#,/tmp/clone_directory/codes/csharp/chapter_stack_and_queue/queue.cs,7,11,21
C#,/tmp/clone_directory/codes/csharp/chapter_stack_and_queue/stack.cs,7,12,21
Dart,/tmp/clone_directory/codes/dart/chapter_backtracking/preorder_traversal_i_compact.dart,5,9,21
Dart,/tmp/clone_directory/codes/dart/chapter_hashing/built_in_hash.dart,7,6,21
Go,/tmp/clone_directory/codes/go/chapter_searching/linear_search.go,4,11,21
Go,/tmp/clone_directory/codes/go/chapter_tree/binary_tree_bfs.go,4,10,21
Java,/tmp/clone_directory/codes/java/chapter_stack_and_queue/queue.java,8,11,21
Java,/tmp/clone_directory/codes/java/chapter_stack_and_queue/stack.java,8,11,21
JavaScript,/tmp/clone_directory/codes/javascript/chapter_divide_and_conquer/binary_search_recur.js,3,15,21
JavaScript,/tmp/clone_directory/codes/javascript/chapter_tree/binary_tree.js,3,11,21
JavaScript,/tmp/clone_directory/codes/javascript/modules/ListNode.js,3,7,21
Kotlin,/tmp/clone_directory/codes/kotlin/chapter_dynamic_programming/climbing_stairs_constraint_dp.kt,4,10,21
Kotlin,/tmp/clone_directory/codes/kotlin/chapter_greedy/max_product_cutting.kt,5,13,21
Python,/tmp/clone_directory/codes/python/chapter_dynamic_programming/climbing_stairs_dp.py,8,11,21
Ruby,/tmp/clone_directory/codes/ruby/chapter_backtracking/preorder_traversal_ii_compact.rb,9,11,21
Ruby,/tmp/clone_directory/codes/ruby/chapter_backtracking/preorder_traversal_iii_compact.rb,9,12,21
Ruby,/tmp/clone_directory/codes/ruby/chapter_divide_and_conquer/binary_search_recur.rb,6,15,21
Ruby,/tmp/clone_directory/codes/ruby/chapter_hashing/built_in_hash.rb,7,6,21
Ruby,/tmp/clone_directory/codes/ruby/chapter_stack_and_queue/deque.rb,6,15,21
Rust,/tmp/clone_directory/codes/rust/chapter_stack_and_queue/queue.rs,8,12,21
TypeScript,/tmp/clone_directory/codes/typescript/chapter_backtracking/preorder_traversal_i_compact.ts,6,9,21
TypeScript,/tmp/clone_directory/codes/typescript/modules/Vertex.ts,4,8,21
Markdown,/tmp/clone_directory/docs/chapter_graph/summary.md,10,0,21
C++,/tmp/clone_directory/en/codes/cpp/chapter_greedy/max_capacity.cpp,5,13,21
C++,/tmp/clone_directory/en/codes/cpp/chapter_greedy/max_product_cutting.cpp,5,13,21
C++,/tmp/clone_directory/en/codes/cpp/chapter_stack_and_queue/queue.cpp,8,12,21
C++,/tmp/clone_directory/en/codes/cpp/chapter_stack_and_queue/stack.cpp,8,12,21
Java,/tmp/clone_directory/en/codes/java/chapter_stack_and_queue/queue.java,8,11,21
Java,/tmp/clone_directory/en/codes/java/chapter_stack_and_queue/stack.java,8,11,21
Python,/tmp/clone_directory/en/codes/python/chapter_dynamic_programming/climbing_stairs_dp.py,8,11,21
Markdown,/tmp/clone_directory/en/docs/chapter_graph/summary.md,10,0,21
C,/tmp/clone_directory/zh-hant/codes/c/chapter_greedy/max_product_cutting.c,4,13,21
C,/tmp/clone_directory/zh-hant/codes/c/chapter_sorting/insertion_sort.c,4,11,21
C,/tmp/clone_directory/zh-hant/codes/c/chapter_sorting/selection_sort.c,6,10,21
C++,/tmp/clone_directory/zh-hant/codes/cpp/chapter_greedy/max_capacity.cpp,5,13,21
C++,/tmp/clone_directory/zh-hant/codes/cpp/chapter_greedy/max_product_cutting.cpp,5,13,21
C++,/tmp/clone_directory/zh-hant/codes/cpp/chapter_stack_and_queue/queue.cpp,8,12,21
C++,/tmp/clone_directory/zh-hant/codes/cpp/chapter_stack_and_queue/stack.cpp,8,12,21
C#,/tmp/clone_directory/zh-hant/codes/csharp/chapter_stack_and_queue/queue.cs,7,11,21
C#,/tmp/clone_directory/zh-hant/codes/csharp/chapter_stack_and_queue/stack.cs,7,12,21
Dart,/tmp/clone_directory/zh-hant/codes/dart/chapter_backtracking/preorder_traversal_i_compact.dart,5,9,21
Dart,/tmp/clone_directory/zh-hant/codes/dart/chapter_hashing/built_in_hash.dart,7,6,21
Go,/tmp/clone_directory/zh-hant/codes/go/chapter_searching/linear_search.go,4,11,21
Go,/tmp/clone_directory/zh-hant/codes/go/chapter_tree/binary_tree_bfs.go,4,10,21
Java,/tmp/clone_directory/zh-hant/codes/java/chapter_stack_and_queue/queue.java,8,11,21
Java,/tmp/clone_directory/zh-hant/codes/java/chapter_stack_and_queue/stack.java,8,11,21
JavaScript,/tmp/clone_directory/zh-hant/codes/javascript/chapter_divide_and_conquer/binary_search_recur.js,3,15,21
JavaScript,/tmp/clone_directory/zh-hant/codes/javascript/chapter_tree/binary_tree.js,3,11,21
JavaScript,/tmp/clone_directory/zh-hant/codes/javascript/modules/ListNode.js,3,7,21
Kotlin,/tmp/clone_directory/zh-hant/codes/kotlin/chapter_dynamic_programming/climbing_stairs_constraint_dp.kt,4,10,21
Kotlin,/tmp/clone_directory/zh-hant/codes/kotlin/chapter_greedy/max_product_cutting.kt,5,13,21
Python,/tmp/clone_directory/zh-hant/codes/python/chapter_dynamic_programming/climbing_stairs_dp.py,8,11,21
Ruby,/tmp/clone_directory/zh-hant/codes/ruby/chapter_backtracking/preorder_traversal_ii_compact.rb,9,11,21
Ruby,/tmp/clone_directory/zh-hant/codes/ruby/chapter_backtracking/preorder_traversal_iii_compact.rb,9,12,21
Ruby,/tmp/clone_directory/zh-hant/codes/ruby/chapter_divide_and_conquer/binary_search_recur.rb,6,15,21
Ruby,/tmp/clone_directory/zh-hant/codes/ruby/chapter_hashing/built_in_hash.rb,7,6,21
Ruby,/tmp/clone_directory/zh-hant/codes/ruby/chapter_stack_and_queue/deque.rb,6,15,21
Rust,/tmp/clone_directory/zh-hant/codes/rust/chapter_stack_and_queue/queue.rs,8,12,21
TypeScript,/tmp/clone_directory/zh-hant/codes/typescript/chapter_backtracking/preorder_traversal_i_compact.ts,6,9,21
TypeScript,/tmp/clone_directory/zh-hant/codes/typescript/modules/Vertex.ts,4,8,21
Markdown,/tmp/clone_directory/zh-hant/docs/chapter_graph/summary.md,10,0,21
YAML,/tmp/clone_directory/.github/workflows/kotlin.yml,4,0,20
YAML,/tmp/clone_directory/.github/workflows/swift.yml,3,2,20
C++,/tmp/clone_directory/codes/cpp/chapter_dynamic_programming/climbing_stairs_dfs_mem.cpp,6,13,20
C#,/tmp/clone_directory/codes/csharp/chapter_sorting/selection_sort.cs,3,9,20
Dart,/tmp/clone_directory/codes/dart/chapter_dynamic_programming/climbing_stairs_constraint_dp.dart,3,10,20
Dart,/tmp/clone_directory/codes/dart/chapter_greedy/max_capacity.dart,4,13,20
Dart,/tmp/clone_directory/codes/dart/chapter_greedy/max_product_cutting.dart,4,13,20
Go,/tmp/clone_directory/codes/go/chapter_divide_and_conquer/build_tree.go,5,12,20
Go,/tmp/clone_directory/codes/go/chapter_divide_and_conquer/hanota.go,5,14,20
Go,/tmp/clone_directory/codes/go/chapter_dynamic_programming/climbing_stairs_backtrack.go,3,13,20
Go,/tmp/clone_directory/codes/go/chapter_graph/graph_dfs.go,4,12,20
Go,/tmp/clone_directory/codes/go/chapter_tree/binary_tree_dfs_test.go,7,8,20
Go,/tmp/clone_directory/codes/go/pkg/list_node.go,4,7,20
Python,/tmp/clone_directory/codes/python/chapter_heap/top_k.py,8,11,20
Python,/tmp/clone_directory/codes/python/chapter_searching/two_sum.py,7,15,20
Ruby,/tmp/clone_directory/codes/ruby/chapter_dynamic_programming/climbing_stairs_dp.rb,9,11,20
Ruby,/tmp/clone_directory/codes/ruby/chapter_tree/binary_tree_bfs.rb,4,12,20
Rust,/tmp/clone_directory/codes/rust/chapter_dynamic_programming/climbing_stairs_constraint_dp.rs,3,10,20
Rust,/tmp/clone_directory/codes/rust/chapter_dynamic_programming/climbing_stairs_dfs_mem.rs,4,13,20
Rust,/tmp/clone_directory/codes/rust/chapter_greedy/max_capacity.rs,3,13,20
Rust,/tmp/clone_directory/codes/rust/chapter_stack_and_queue/stack.rs,7,13,20
Swift,/tmp/clone_directory/codes/swift/chapter_stack_and_queue/queue.swift,6,14,20
Swift,/tmp/clone_directory/codes/swift/chapter_stack_and_queue/stack.swift,6,13,20
Zig,/tmp/clone_directory/codes/zig/chapter_sorting/insertion_sort.zig,4,7,20
C++,/tmp/clone_directory/en/codes/cpp/chapter_dynamic_programming/climbing_stairs_dfs_mem.cpp,6,13,20
Python,/tmp/clone_directory/en/codes/python/chapter_heap/top_k.py,8,11,20
Python,/tmp/clone_directory/en/codes/python/chapter_searching/two_sum.py,7,15,20
C++,/tmp/clone_directory/zh-hant/codes/cpp/chapter_dynamic_programming/climbing_stairs_dfs_mem.cpp,6,13,20
C#,/tmp/clone_directory/zh-hant/codes/csharp/chapter_sorting/selection_sort.cs,3,9,20
Dart,/tmp/clone_directory/zh-hant/codes/dart/chapter_dynamic_programming/climbing_stairs_constraint_dp.dart,3,10,20
Dart,/tmp/clone_directory/zh-hant/codes/dart/chapter_greedy/max_capacity.dart,4,13,20
Dart,/tmp/clone_directory/zh-hant/codes/dart/chapter_greedy/max_product_cutting.dart,4,13,20
Go,/tmp/clone_directory/zh-hant/codes/go/chapter_divide_and_conquer/build_tree.go,5,12,20
Go,/tmp/clone_directory/zh-hant/codes/go/chapter_divide_and_conquer/hanota.go,5,14,20
Go,/tmp/clone_directory/zh-hant/codes/go/chapter_dynamic_programming/climbing_stairs_backtrack.go,3,13,20
Go,/tmp/clone_directory/zh-hant/codes/go/chapter_graph/graph_dfs.go,4,12,20
Go,/tmp/clone_directory/zh-hant/codes/go/chapter_tree/binary_tree_dfs_test.go,7,8,20
Go,/tmp/clone_directory/zh-hant/codes/go/pkg/list_node.go,4,7,20
Python,/tmp/clone_directory/zh-hant/codes/python/chapter_heap/top_k.py,8,11,20
Python,/tmp/clone_directory/zh-hant/codes/python/chapter_searching/two_sum.py,7,15,20
Ruby,/tmp/clone_directory/zh-hant/codes/ruby/chapter_dynamic_programming/climbing_stairs_dp.rb,9,11,20
Ruby,/tmp/clone_directory/zh-hant/codes/ruby/chapter_tree/binary_tree_bfs.rb,4,12,20
Rust,/tmp/clone_directory/zh-hant/codes/rust/chapter_dynamic_programming/climbing_stairs_constraint_dp.rs,3,10,20
Rust,/tmp/clone_directory/zh-hant/codes/rust/chapter_dynamic_programming/climbing_stairs_dfs_mem.rs,4,13,20
Rust,/tmp/clone_directory/zh-hant/codes/rust/chapter_greedy/max_capacity.rs,3,13,20
Rust,/tmp/clone_directory/zh-hant/codes/rust/chapter_stack_and_queue/stack.rs,7,13,20
Swift,/tmp/clone_directory/zh-hant/codes/swift/chapter_stack_and_queue/queue.swift,6,14,20
Swift,/tmp/clone_directory/zh-hant/codes/swift/chapter_stack_and_queue/stack.swift,6,13,20
Zig,/tmp/clone_directory/zh-hant/codes/zig/chapter_sorting/insertion_sort.zig,4,7,20
C++,/tmp/clone_directory/codes/cpp/chapter_sorting/selection_sort.cpp,5,10,19
C#,/tmp/clone_directory/codes/csharp/chapter_sorting/insertion_sort.cs,3,8,19
Go,/tmp/clone_directory/codes/go/chapter_dynamic_programming/climbing_stairs_dfs_mem.go,3,10,19
Go,/tmp/clone_directory/codes/go/chapter_graph/graph_bfs_test.go,5,5,19
Java,/tmp/clone_directory/codes/java/chapter_sorting/insertion_sort.java,4,8,19
JavaScript,/tmp/clone_directory/codes/javascript/chapter_backtracking/preorder_traversal_i_compact.js,5,9,19
Kotlin,/tmp/clone_directory/codes/kotlin/chapter_sorting/selection_sort.kt,3,10,19
Kotlin,/tmp/clone_directory/codes/kotlin/chapter_stack_and_queue/queue.kt,8,12,19
Kotlin,/tmp/clone_directory/codes/kotlin/chapter_stack_and_queue/stack.kt,8,12,19
Kotlin,/tmp/clone_directory/codes/kotlin/utils/Vertex.kt,3,8,19
Python,/tmp/clone_directory/codes/python/chapter_backtracking/preorder_traversal_i_compact.py,8,9,19
Ruby,/tmp/clone_directory/codes/ruby/chapter_computational_complexity/worst_best_time_complexity.rb,4,12,19
Ruby,/tmp/clone_directory/codes/ruby/chapter_dynamic_programming/climbing_stairs_backtrack.rb,5,13,19
Ruby,/tmp/clone_directory/codes/ruby/chapter_greedy/max_capacity.rb,5,13,19
Rust,/tmp/clone_directory/codes/rust/chapter_greedy/max_product_cutting.rs,3,13,19
Swift,/tmp/clone_directory/codes/swift/chapter_sorting/insertion_sort.swift,2,9,19
Swift,/tmp/clone_directory/codes/swift/chapter_sorting/selection_sort.swift,2,10,19
TypeScript,/tmp/clone_directory/codes/typescript/chapter_dynamic_programming/climbing_stairs_constraint_dp.ts,3,10,19
TypeScript,/tmp/clone_directory/codes/typescript/chapter_greedy/max_capacity.ts,4,13,19
Markdown,/tmp/clone_directory/docs/chapter_stack_and_queue/summary.md,12,0,19
C++,/tmp/clone_directory/en/codes/cpp/chapter_sorting/selection_sort.cpp,5,10,19
Java,/tmp/clone_directory/en/codes/java/chapter_sorting/insertion_sort.java,4,8,19
Python,/tmp/clone_directory/en/codes/python/chapter_backtracking/preorder_traversal_i_compact.py,8,9,19
Markdown,/tmp/clone_directory/en/docs/chapter_stack_and_queue/summary.md,12,0,19
C++,/tmp/clone_directory/zh-hant/codes/cpp/chapter_sorting/selection_sort.cpp,5,10,19
C/C++ Header,/tmp/clone_directory/zh-hant/codes/cpp/utils/common.hpp,4,5,19
C#,/tmp/clone_directory/zh-hant/codes/csharp/chapter_sorting/insertion_sort.cs,3,8,19
Go,/tmp/clone_directory/zh-hant/codes/go/chapter_dynamic_programming/climbing_stairs_dfs_mem.go,3,10,19
Go,/tmp/clone_directory/zh-hant/codes/go/chapter_graph/graph_bfs_test.go,5,5,19
Java,/tmp/clone_directory/zh-hant/codes/java/chapter_sorting/insertion_sort.java,4,8,19
JavaScript,/tmp/clone_directory/zh-hant/codes/javascript/chapter_backtracking/preorder_traversal_i_compact.js,5,9,19
Kotlin,/tmp/clone_directory/zh-hant/codes/kotlin/chapter_sorting/selection_sort.kt,3,10,19
Kotlin,/tmp/clone_directory/zh-hant/codes/kotlin/chapter_stack_and_queue/queue.kt,8,12,19
Kotlin,/tmp/clone_directory/zh-hant/codes/kotlin/chapter_stack_and_queue/stack.kt,8,12,19
Kotlin,/tmp/clone_directory/zh-hant/codes/kotlin/utils/Vertex.kt,3,8,19
Python,/tmp/clone_directory/zh-hant/codes/python/chapter_backtracking/preorder_traversal_i_compact.py,8,9,19
Ruby,/tmp/clone_directory/zh-hant/codes/ruby/chapter_computational_complexity/worst_best_time_complexity.rb,4,12,19
Ruby,/tmp/clone_directory/zh-hant/codes/ruby/chapter_dynamic_programming/climbing_stairs_backtrack.rb,5,13,19
Ruby,/tmp/clone_directory/zh-hant/codes/ruby/chapter_greedy/max_capacity.rb,5,13,19
Rust,/tmp/clone_directory/zh-hant/codes/rust/chapter_greedy/max_product_cutting.rs,3,13,19
Swift,/tmp/clone_directory/zh-hant/codes/swift/chapter_sorting/insertion_sort.swift,2,9,19
Swift,/tmp/clone_directory/zh-hant/codes/swift/chapter_sorting/selection_sort.swift,2,10,19
TypeScript,/tmp/clone_directory/zh-hant/codes/typescript/chapter_dynamic_programming/climbing_stairs_constraint_dp.ts,3,10,19
TypeScript,/tmp/clone_directory/zh-hant/codes/typescript/chapter_greedy/max_capacity.ts,4,13,19
Markdown,/tmp/clone_directory/zh-hant/docs/chapter_stack_and_queue/summary.md,12,0,19
Dockerfile,/tmp/clone_directory/Dockerfile,7,0,18
C,/tmp/clone_directory/codes/c/chapter_heap/my_heap_test.c,9,14,18
C++,/tmp/clone_directory/codes/cpp/chapter_sorting/insertion_sort.cpp,4,9,18
C#,/tmp/clone_directory/codes/csharp/chapter_dynamic_programming/climbing_stairs_dfs.cs,4,9,18
C#,/tmp/clone_directory/codes/csharp/utils/Vertex.cs,4,8,18
Dart,/tmp/clone_directory/codes/dart/chapter_stack_and_queue/queue.dart,7,12,18
Dart,/tmp/clone_directory/codes/dart/utils/vertex.dart,3,8,18
Go,/tmp/clone_directory/codes/go/chapter_divide_and_conquer/binary_search_recur.go,3,13,18
Go,/tmp/clone_directory/codes/go/chapter_graph/graph_dfs_test.go,5,5,18
JavaScript,/tmp/clone_directory/codes/javascript/chapter_dynamic_programming/climbing_stairs_backtrack.js,3,13,18
JavaScript,/tmp/clone_directory/codes/javascript/chapter_dynamic_programming/climbing_stairs_constraint_dp.js,2,10,18
JavaScript,/tmp/clone_directory/codes/javascript/chapter_greedy/max_capacity.js,3,13,18
JavaScript,/tmp/clone_directory/codes/javascript/chapter_tree/binary_tree_bfs.js,4,12,18
Kotlin,/tmp/clone_directory/codes/kotlin/chapter_dynamic_programming/climbing_stairs_dfs_mem.kt,5,13,18
Python,/tmp/clone_directory/codes/python/chapter_divide_and_conquer/binary_search_recur.py,7,15,18
Python,/tmp/clone_directory/codes/python/chapter_stack_and_queue/queue.py,7,14,18
Ruby,/tmp/clone_directory/codes/ruby/chapter_stack_and_queue/queue.rb,6,14,18
Ruby,/tmp/clone_directory/codes/ruby/chapter_stack_and_queue/stack.rb,6,13,18
Swift,/tmp/clone_directory/codes/swift/chapter_dynamic_programming/climbing_stairs_dfs.swift,4,10,18
Swift,/tmp/clone_directory/codes/swift/utils/Vertex.swift,6,8,18
TypeScript,/tmp/clone_directory/codes/typescript/chapter_greedy/max_product_cutting.ts,4,13,18
TypeScript,/tmp/clone_directory/codes/typescript/modules/ListNode.ts,3,7,18
Markdown,/tmp/clone_directory/docs/chapter_dynamic_programming/summary.md,5,0,18
Markdown,/tmp/clone_directory/docs/chapter_hello_algo/index.md,12,0,18
C++,/tmp/clone_directory/en/codes/cpp/chapter_sorting/insertion_sort.cpp,4,9,18
Python,/tmp/clone_directory/en/codes/python/chapter_divide_and_conquer/binary_search_recur.py,7,15,18
Python,/tmp/clone_directory/en/codes/python/chapter_stack_and_queue/queue.py,7,14,18
Markdown,/tmp/clone_directory/en/docs/chapter_dynamic_programming/summary.md,5,0,18
Markdown,/tmp/clone_directory/en/docs/chapter_hello_algo/index.md,12,0,18
HTML,/tmp/clone_directory/overrides/main.html,1,0,18
C,/tmp/clone_directory/zh-hant/codes/c/chapter_heap/my_heap_test.c,9,14,18
C++,/tmp/clone_directory/zh-hant/codes/cpp/chapter_sorting/insertion_sort.cpp,4,9,18
C#,/tmp/clone_directory/zh-hant/codes/csharp/chapter_dynamic_programming/climbing_stairs_dfs.cs,4,9,18
MSBuild script,/tmp/clone_directory/zh-hant/codes/csharp/hello-algo.csproj,3,0,18
C#,/tmp/clone_directory/zh-hant/codes/csharp/utils/Vertex.cs,4,8,18
Dart,/tmp/clone_directory/zh-hant/codes/dart/chapter_stack_and_queue/queue.dart,7,12,18
Dart,/tmp/clone_directory/zh-hant/codes/dart/utils/vertex.dart,3,8,18
Go,/tmp/clone_directory/zh-hant/codes/go/chapter_divide_and_conquer/binary_search_recur.go,3,13,18
Go,/tmp/clone_directory/zh-hant/codes/go/chapter_graph/graph_dfs_test.go,5,5,18
JavaScript,/tmp/clone_directory/zh-hant/codes/javascript/chapter_dynamic_programming/climbing_stairs_backtrack.js,3,13,18
JavaScript,/tmp/clone_directory/zh-hant/codes/javascript/chapter_dynamic_programming/climbing_stairs_constraint_dp.js,2,10,18
JavaScript,/tmp/clone_directory/zh-hant/codes/javascript/chapter_greedy/max_capacity.js,3,13,18
JavaScript,/tmp/clone_directory/zh-hant/codes/javascript/chapter_tree/binary_tree_bfs.js,4,12,18
Kotlin,/tmp/clone_directory/zh-hant/codes/kotlin/chapter_dynamic_programming/climbing_stairs_dfs_mem.kt,5,13,18
Python,/tmp/clone_directory/zh-hant/codes/python/chapter_divide_and_conquer/binary_search_recur.py,7,15,18
Python,/tmp/clone_directory/zh-hant/codes/python/chapter_stack_and_queue/queue.py,7,14,18
Ruby,/tmp/clone_directory/zh-hant/codes/ruby/chapter_stack_and_queue/queue.rb,6,14,18
Ruby,/tmp/clone_directory/zh-hant/codes/ruby/chapter_stack_and_queue/stack.rb,6,13,18
Swift,/tmp/clone_directory/zh-hant/codes/swift/chapter_dynamic_programming/climbing_stairs_dfs.swift,4,10,18
Swift,/tmp/clone_directory/zh-hant/codes/swift/utils/Vertex.swift,6,8,18
TypeScript,/tmp/clone_directory/zh-hant/codes/typescript/chapter_greedy/max_product_cutting.ts,4,13,18
TypeScript,/tmp/clone_directory/zh-hant/codes/typescript/modules/ListNode.ts,3,7,18
Markdown,/tmp/clone_directory/zh-hant/docs/chapter_dynamic_programming/summary.md,5,0,18
Markdown,/tmp/clone_directory/zh-hant/docs/chapter_hello_algo/index.md,12,0,18
Dart,/tmp/clone_directory/codes/dart/chapter_sorting/selection_sort.dart,2,10,17
Dart,/tmp/clone_directory/codes/dart/chapter_stack_and_queue/stack.dart,6,12,17
Go,/tmp/clone_directory/codes/go/chapter_backtracking/n_queens_test.go,4,3,17
Go,/tmp/clone_directory/codes/go/chapter_divide_and_conquer/build_tree_test.go,5,3,17
Java,/tmp/clone_directory/codes/java/chapter_dynamic_programming/climbing_stairs_dfs.java,5,9,17
Java,/tmp/clone_directory/codes/java/utils/ListNode.java,4,7,17
JavaScript,/tmp/clone_directory/codes/javascript/chapter_greedy/max_product_cutting.js,3,13,17
Kotlin,/tmp/clone_directory/codes/kotlin/chapter_sorting/insertion_sort.kt,3,9,17
Python,/tmp/clone_directory/codes/python/chapter_computational_complexity/worst_best_time_complexity.py,7,12,17
Python,/tmp/clone_directory/codes/python/chapter_dynamic_programming/climbing_stairs_backtrack.py,7,13,17
Python,/tmp/clone_directory/codes/python/chapter_sorting/bucket_sort.py,4,14,17
Python,/tmp/clone_directory/codes/python/chapter_stack_and_queue/stack.py,6,13,17
Python,/tmp/clone_directory/codes/python/modules/list_node.py,7,8,17
Ruby,/tmp/clone_directory/codes/ruby/chapter_backtracking/preorder_traversal_i_compact.rb,7,9,17
Ruby,/tmp/clone_directory/codes/ruby/chapter_sorting/selection_sort.rb,2,10,17
Rust,/tmp/clone_directory/codes/rust/chapter_sorting/insertion_sort.rs,3,9,17
TypeScript,/tmp/clone_directory/codes/typescript/chapter_stack_and_queue/stack.ts,7,13,17
Zig,/tmp/clone_directory/codes/zig/chapter_dynamic_programming/climbing_stairs_dfs.zig,6,8,17
Markdown,/tmp/clone_directory/docs/chapter_backtracking/summary.md,6,0,17
Java,/tmp/clone_directory/en/codes/java/chapter_dynamic_programming/climbing_stairs_dfs.java,5,9,17
Java,/tmp/clone_directory/en/codes/java/utils/ListNode.java,4,7,17
Python,/tmp/clone_directory/en/codes/python/chapter_computational_complexity/worst_best_time_complexity.py,7,12,17
Python,/tmp/clone_directory/en/codes/python/chapter_dynamic_programming/climbing_stairs_backtrack.py,7,13,17
Python,/tmp/clone_directory/en/codes/python/chapter_sorting/bucket_sort.py,4,14,17
Python,/tmp/clone_directory/en/codes/python/chapter_stack_and_queue/stack.py,6,13,17
Python,/tmp/clone_directory/en/codes/python/modules/list_node.py,7,8,17
Markdown,/tmp/clone_directory/en/docs/chapter_backtracking/summary.md,6,0,17
CMake,/tmp/clone_directory/zh-hant/codes/c/CMakeLists.txt,3,0,17
CMake,/tmp/clone_directory/zh-hant/codes/cpp/CMakeLists.txt,3,0,17
Dart,/tmp/clone_directory/zh-hant/codes/dart/chapter_sorting/selection_sort.dart,2,10,17
Dart,/tmp/clone_directory/zh-hant/codes/dart/chapter_stack_and_queue/stack.dart,6,12,17
Go,/tmp/clone_directory/zh-hant/codes/go/chapter_backtracking/n_queens_test.go,4,3,17
Go,/tmp/clone_directory/zh-hant/codes/go/chapter_divide_and_conquer/build_tree_test.go,5,3,17
Java,/tmp/clone_directory/zh-hant/codes/java/chapter_dynamic_programming/climbing_stairs_dfs.java,5,9,17
Java,/tmp/clone_directory/zh-hant/codes/java/utils/ListNode.java,4,7,17
JavaScript,/tmp/clone_directory/zh-hant/codes/javascript/chapter_greedy/max_product_cutting.js,3,13,17
Kotlin,/tmp/clone_directory/zh-hant/codes/kotlin/chapter_sorting/insertion_sort.kt,3,9,17
Python,/tmp/clone_directory/zh-hant/codes/python/chapter_computational_complexity/worst_best_time_complexity.py,7,12,17
Python,/tmp/clone_directory/zh-hant/codes/python/chapter_dynamic_programming/climbing_stairs_backtrack.py,7,13,17
Python,/tmp/clone_directory/zh-hant/codes/python/chapter_sorting/bucket_sort.py,4,14,17
Python,/tmp/clone_directory/zh-hant/codes/python/chapter_stack_and_queue/stack.py,6,13,17
Python,/tmp/clone_directory/zh-hant/codes/python/modules/list_node.py,7,8,17
Ruby,/tmp/clone_directory/zh-hant/codes/ruby/chapter_backtracking/preorder_traversal_i_compact.rb,7,9,17
Ruby,/tmp/clone_directory/zh-hant/codes/ruby/chapter_sorting/selection_sort.rb,2,10,17
Ruby,/tmp/clone_directory/zh-hant/codes/ruby/test_all.rb,6,0,17
Rust,/tmp/clone_directory/zh-hant/codes/rust/chapter_sorting/insertion_sort.rs,3,9,17
TypeScript,/tmp/clone_directory/zh-hant/codes/typescript/chapter_stack_and_queue/stack.ts,7,13,17
Zig,/tmp/clone_directory/zh-hant/codes/zig/chapter_dynamic_programming/climbing_stairs_dfs.zig,6,8,17
Markdown,/tmp/clone_directory/zh-hant/docs/chapter_backtracking/summary.md,6,0,17
C,/tmp/clone_directory/codes/c/chapter_dynamic_programming/climbing_stairs_dfs.c,6,10,16
C++,/tmp/clone_directory/codes/cpp/chapter_dynamic_programming/climbing_stairs_dfs.cpp,6,10,16
Dart,/tmp/clone_directory/codes/dart/chapter_dynamic_programming/climbing_stairs_dfs_mem.dart,4,13,16
Go,/tmp/clone_directory/codes/go/chapter_backtracking/preorder_traversal_ii_compact.go,3,7,16
Go,/tmp/clone_directory/codes/go/chapter_backtracking/preorder_traversal_iii_compact.go,3,8,16
Go,/tmp/clone_directory/codes/go/chapter_computational_complexity/iteration_test.go,6,4,16
Go,/tmp/clone_directory/codes/go/chapter_computational_complexity/recursion_test.go,6,4,16
Go,/tmp/clone_directory/codes/go/chapter_dynamic_programming/climbing_stairs_constraint_dp.go,2,7,16
Go,/tmp/clone_directory/codes/go/chapter_greedy/coin_change_greedy.go,2,9,16
Go,/tmp/clone_directory/codes/go/chapter_greedy/max_capacity.go,3,9,16
Go,/tmp/clone_directory/codes/go/chapter_greedy/max_product_cutting.go,3,9,16
Go,/tmp/clone_directory/codes/go/chapter_searching/binary_search_edge.go,3,12,16
Go,/tmp/clone_directory/codes/go/chapter_searching/hashing_search.go,4,9,16
JavaScript,/tmp/clone_directory/codes/javascript/chapter_stack_and_queue/stack.js,6,13,16
Ruby,/tmp/clone_directory/codes/ruby/chapter_dynamic_programming/climbing_stairs_constraint_dp.rb,5,10,16
TypeScript,/tmp/clone_directory/codes/typescript/chapter_sorting/selection_sort.ts,3,10,16
TypeScript,/tmp/clone_directory/codes/typescript/chapter_stack_and_queue/queue.ts,7,14,16
C++,/tmp/clone_directory/en/codes/cpp/chapter_dynamic_programming/climbing_stairs_dfs.cpp,6,10,16
JavaScript,/tmp/clone_directory/overrides/javascripts/mathjax.js,1,0,16
C,/tmp/clone_directory/zh-hant/codes/c/chapter_dynamic_programming/climbing_stairs_dfs.c,6,10,16
C++,/tmp/clone_directory/zh-hant/codes/cpp/chapter_dynamic_programming/climbing_stairs_dfs.cpp,6,10,16
Dart,/tmp/clone_directory/zh-hant/codes/dart/chapter_dynamic_programming/climbing_stairs_dfs_mem.dart,4,13,16
Go,/tmp/clone_directory/zh-hant/codes/go/chapter_backtracking/preorder_traversal_ii_compact.go,3,7,16
Go,/tmp/clone_directory/zh-hant/codes/go/chapter_backtracking/preorder_traversal_iii_compact.go,3,8,16
Go,/tmp/clone_directory/zh-hant/codes/go/chapter_computational_complexity/iteration_test.go,6,4,16
Go,/tmp/clone_directory/zh-hant/codes/go/chapter_computational_complexity/recursion_test.go,6,4,16
Go,/tmp/clone_directory/zh-hant/codes/go/chapter_dynamic_programming/climbing_stairs_constraint_dp.go,2,7,16
Go,/tmp/clone_directory/zh-hant/codes/go/chapter_greedy/coin_change_greedy.go,2,9,16
Go,/tmp/clone_directory/zh-hant/codes/go/chapter_greedy/max_capacity.go,3,9,16
Go,/tmp/clone_directory/zh-hant/codes/go/chapter_greedy/max_product_cutting.go,3,9,16
Go,/tmp/clone_directory/zh-hant/codes/go/chapter_searching/binary_search_edge.go,3,12,16
Go,/tmp/clone_directory/zh-hant/codes/go/chapter_searching/hashing_search.go,4,9,16
JavaScript,/tmp/clone_directory/zh-hant/codes/javascript/chapter_stack_and_queue/stack.js,6,13,16
Ruby,/tmp/clone_directory/zh-hant/codes/ruby/chapter_dynamic_programming/climbing_stairs_constraint_dp.rb,5,10,16
TypeScript,/tmp/clone_directory/zh-hant/codes/typescript/chapter_sorting/selection_sort.ts,3,10,16
TypeScript,/tmp/clone_directory/zh-hant/codes/typescript/chapter_stack_and_queue/queue.ts,7,14,16
C++,/tmp/clone_directory/codes/cpp/chapter_hashing/built_in_hash.cpp,6,8,15
Dart,/tmp/clone_directory/codes/dart/chapter_sorting/insertion_sort.dart,2,9,15
Go,/tmp/clone_directory/codes/go/chapter_computational_complexity/space_complexity_test.go,4,7,15
Go,/tmp/clone_directory/codes/go/chapter_searching/linear_search_test.go,6,5,15
JavaScript,/tmp/clone_directory/codes/javascript/chapter_sorting/selection_sort.js,2,10,15
JavaScript,/tmp/clone_directory/codes/javascript/chapter_stack_and_queue/queue.js,6,14,15
Kotlin,/tmp/clone_directory/codes/kotlin/utils/ListNode.kt,3,7,15
Python,/tmp/clone_directory/codes/python/chapter_dynamic_programming/climbing_stairs_dfs_mem.py,7,13,15
Python,/tmp/clone_directory/codes/python/chapter_greedy/max_capacity.py,5,13,15
Ruby,/tmp/clone_directory/codes/ruby/chapter_dynamic_programming/climbing_stairs_dfs_mem.rb,5,13,15
Ruby,/tmp/clone_directory/codes/ruby/chapter_sorting/insertion_sort.rb,2,9,15
Rust,/tmp/clone_directory/codes/rust/chapter_dynamic_programming/climbing_stairs_dfs.rs,4,10,15
TypeScript,/tmp/clone_directory/codes/typescript/chapter_dynamic_programming/climbing_stairs_dfs_mem.ts,4,13,15
TypeScript,/tmp/clone_directory/codes/typescript/chapter_sorting/insertion_sort.ts,3,9,15
Markdown,/tmp/clone_directory/docs/chapter_introduction/summary.md,7,0,15
C++,/tmp/clone_directory/en/codes/cpp/chapter_hashing/built_in_hash.cpp,6,8,15
Python,/tmp/clone_directory/en/codes/python/chapter_dynamic_programming/climbing_stairs_dfs_mem.py,7,13,15
Python,/tmp/clone_directory/en/codes/python/chapter_greedy/max_capacity.py,5,13,15
C++,/tmp/clone_directory/zh-hant/codes/cpp/chapter_hashing/built_in_hash.cpp,6,8,15
Dart,/tmp/clone_directory/zh-hant/codes/dart/chapter_sorting/insertion_sort.dart,2,9,15
Go,/tmp/clone_directory/zh-hant/codes/go/chapter_computational_complexity/space_complexity_test.go,4,7,15
Go,/tmp/clone_directory/zh-hant/codes/go/chapter_searching/linear_search_test.go,6,5,15
JavaScript,/tmp/clone_directory/zh-hant/codes/javascript/chapter_sorting/selection_sort.js,2,10,15
JavaScript,/tmp/clone_directory/zh-hant/codes/javascript/chapter_stack_and_queue/queue.js,6,14,15
Kotlin,/tmp/clone_directory/zh-hant/codes/kotlin/utils/ListNode.kt,3,7,15
Python,/tmp/clone_directory/zh-hant/codes/python/chapter_dynamic_programming/climbing_stairs_dfs_mem.py,7,13,15
Python,/tmp/clone_directory/zh-hant/codes/python/chapter_greedy/max_capacity.py,5,13,15
Python,/tmp/clone_directory/zh-hant/codes/python/modules/__init__.py,1,3,15
Ruby,/tmp/clone_directory/zh-hant/codes/ruby/chapter_dynamic_programming/climbing_stairs_dfs_mem.rb,5,13,15
Ruby,/tmp/clone_directory/zh-hant/codes/ruby/chapter_sorting/insertion_sort.rb,2,9,15
Rust,/tmp/clone_directory/zh-hant/codes/rust/chapter_dynamic_programming/climbing_stairs_dfs.rs,4,10,15
TypeScript,/tmp/clone_directory/zh-hant/codes/typescript/chapter_dynamic_programming/climbing_stairs_dfs_mem.ts,4,13,15
TypeScript,/tmp/clone_directory/zh-hant/codes/typescript/chapter_sorting/insertion_sort.ts,3,9,15
Markdown,/tmp/clone_directory/zh-hant/docs/chapter_introduction/summary.md,7,0,15
Dart,/tmp/clone_directory/codes/dart/utils/list_node.dart,3,7,14
Go,/tmp/clone_directory/codes/go/chapter_backtracking/preorder_traversal_i_compact.go,3,5,14
Go,/tmp/clone_directory/codes/go/chapter_computational_complexity/worst_best_time_complexity_test.go,3,3,14
Go,/tmp/clone_directory/codes/go/chapter_divide_and_conquer/binary_search_recur_test.go,3,3,14
JavaScript,/tmp/clone_directory/codes/javascript/chapter_dynamic_programming/climbing_stairs_dfs_mem.js,3,13,14
JavaScript,/tmp/clone_directory/codes/javascript/chapter_sorting/insertion_sort.js,2,9,14
Kotlin,/tmp/clone_directory/codes/kotlin/chapter_dynamic_programming/climbing_stairs_dfs.kt,5,10,14
Python,/tmp/clone_directory/codes/python/chapter_dynamic_programming/climbing_stairs_constraint_dp.py,5,10,14
Python,/tmp/clone_directory/codes/python/chapter_greedy/max_product_cutting.py,6,13,14
Markdown,/tmp/clone_directory/docs/chapter_reference/index.md,11,0,14
Python,/tmp/clone_directory/en/codes/python/chapter_dynamic_programming/climbing_stairs_constraint_dp.py,5,10,14
Python,/tmp/clone_directory/en/codes/python/chapter_greedy/max_product_cutting.py,6,13,14
Markdown,/tmp/clone_directory/en/docs/chapter_reference/index.md,11,0,14
Dart,/tmp/clone_directory/zh-hant/codes/dart/utils/list_node.dart,3,7,14
Go,/tmp/clone_directory/zh-hant/codes/go/chapter_backtracking/preorder_traversal_i_compact.go,3,5,14
Go,/tmp/clone_directory/zh-hant/codes/go/chapter_computational_complexity/worst_best_time_complexity_test.go,3,3,14
Go,/tmp/clone_directory/zh-hant/codes/go/chapter_divide_and_conquer/binary_search_recur_test.go,3,3,14
JavaScript,/tmp/clone_directory/zh-hant/codes/javascript/chapter_dynamic_programming/climbing_stairs_dfs_mem.js,3,13,14
JavaScript,/tmp/clone_directory/zh-hant/codes/javascript/chapter_sorting/insertion_sort.js,2,9,14
Kotlin,/tmp/clone_directory/zh-hant/codes/kotlin/chapter_dynamic_programming/climbing_stairs_dfs.kt,5,10,14
Python,/tmp/clone_directory/zh-hant/codes/python/chapter_dynamic_programming/climbing_stairs_constraint_dp.py,5,10,14
Python,/tmp/clone_directory/zh-hant/codes/python/chapter_greedy/max_product_cutting.py,6,13,14
Markdown,/tmp/clone_directory/zh-hant/docs/chapter_reference/index.md,11,0,14
Dart,/tmp/clone_directory/codes/dart/chapter_dynamic_programming/climbing_stairs_dfs.dart,4,10,13
Go,/tmp/clone_directory/codes/go/chapter_dynamic_programming/coin_change_test.go,5,5,13
Go,/tmp/clone_directory/codes/go/chapter_searching/two_sum_test.go,4,7,13
Go,/tmp/clone_directory/codes/go/chapter_sorting/bubble_sort_test.go,4,3,13
Go,/tmp/clone_directory/codes/go/chapter_sorting/counting_sort_test.go,4,3,13
Go,/tmp/clone_directory/codes/go/chapter_sorting/selection_sort.go,3,8,13
Go,/tmp/clone_directory/codes/go/chapter_tree/binary_tree_bfs_test.go,5,6,13
Dart,/tmp/clone_directory/zh-hant/codes/dart/chapter_dynamic_programming/climbing_stairs_dfs.dart,4,10,13
Go,/tmp/clone_directory/zh-hant/codes/go/chapter_dynamic_programming/coin_change_test.go,5,5,13
Go,/tmp/clone_directory/zh-hant/codes/go/chapter_searching/two_sum_test.go,4,7,13
Go,/tmp/clone_directory/zh-hant/codes/go/chapter_sorting/bubble_sort_test.go,4,3,13
Go,/tmp/clone_directory/zh-hant/codes/go/chapter_sorting/counting_sort_test.go,4,3,13
Go,/tmp/clone_directory/zh-hant/codes/go/chapter_sorting/selection_sort.go,3,8,13
Go,/tmp/clone_directory/zh-hant/codes/go/chapter_tree/binary_tree_bfs_test.go,5,6,13
Go,/tmp/clone_directory/codes/go/chapter_greedy/fractional_knapsack_test.go,4,4,12
Go,/tmp/clone_directory/codes/go/chapter_sorting/insertion_sort.go,2,6,12
Python,/tmp/clone_directory/codes/python/chapter_sorting/insertion_sort.py,4,9,12
Python,/tmp/clone_directory/codes/python/chapter_sorting/selection_sort.py,4,10,12
Ruby,/tmp/clone_directory/codes/ruby/chapter_dynamic_programming/climbing_stairs_dfs.rb,4,10,12
Ruby,/tmp/clone_directory/codes/ruby/chapter_greedy/max_product_cutting.rb,3,13,12
Ruby,/tmp/clone_directory/codes/ruby/utils/vertex.rb,4,8,12
TypeScript,/tmp/clone_directory/codes/typescript/chapter_dynamic_programming/climbing_stairs_dfs.ts,4,10,12
Markdown,/tmp/clone_directory/docs/chapter_heap/summary.md,5,0,12
Python,/tmp/clone_directory/en/codes/python/chapter_sorting/insertion_sort.py,4,9,12
Python,/tmp/clone_directory/en/codes/python/chapter_sorting/selection_sort.py,4,10,12
Markdown,/tmp/clone_directory/en/docs/chapter_heap/summary.md,5,0,12
Go,/tmp/clone_directory/zh-hant/codes/go/chapter_greedy/fractional_knapsack_test.go,4,4,12
Go,/tmp/clone_directory/zh-hant/codes/go/chapter_sorting/insertion_sort.go,2,6,12
Python,/tmp/clone_directory/zh-hant/codes/python/chapter_sorting/insertion_sort.py,4,9,12
Python,/tmp/clone_directory/zh-hant/codes/python/chapter_sorting/selection_sort.py,4,10,12
Ruby,/tmp/clone_directory/zh-hant/codes/ruby/chapter_dynamic_programming/climbing_stairs_dfs.rb,4,10,12
Ruby,/tmp/clone_directory/zh-hant/codes/ruby/chapter_greedy/max_product_cutting.rb,3,13,12
Ruby,/tmp/clone_directory/zh-hant/codes/ruby/utils/vertex.rb,4,8,12
TypeScript,/tmp/clone_directory/zh-hant/codes/typescript/chapter_dynamic_programming/climbing_stairs_dfs.ts,4,10,12
JSON,/tmp/clone_directory/zh-hant/codes/typescript/tsconfig.json,0,0,12
Markdown,/tmp/clone_directory/zh-hant/docs/chapter_heap/summary.md,5,0,12
YAML,/tmp/clone_directory/codes/docker-compose.yml,0,2,11
Go,/tmp/clone_directory/codes/go/chapter_dynamic_programming/climbing_stairs_dfs.go,3,7,11
Go,/tmp/clone_directory/codes/go/chapter_sorting/radix_sort_test.go,3,4,11
JavaScript,/tmp/clone_directory/codes/javascript/chapter_dynamic_programming/climbing_stairs_dfs.js,3,10,11
Python,/tmp/clone_directory/codes/python/chapter_dynamic_programming/climbing_stairs_dfs.py,7,10,11
Markdown,/tmp/clone_directory/codes/pythontutor/chapter_computational_complexity/time_complexity.md,11,16,11
Swift,/tmp/clone_directory/codes/swift/utils/Pair.swift,3,6,11
JSON,/tmp/clone_directory/codes/typescript/package.json,0,0,11
Markdown,/tmp/clone_directory/docs/chapter_greedy/summary.md,1,0,11
Python,/tmp/clone_directory/en/codes/python/chapter_dynamic_programming/climbing_stairs_dfs.py,7,10,11
Markdown,/tmp/clone_directory/en/docs/chapter_greedy/summary.md,1,0,11
YAML,/tmp/clone_directory/zh-hant/codes/docker-compose.yml,0,2,11
Go,/tmp/clone_directory/zh-hant/codes/go/chapter_dynamic_programming/climbing_stairs_dfs.go,3,7,11
Go,/tmp/clone_directory/zh-hant/codes/go/chapter_sorting/radix_sort_test.go,3,4,11
Go,/tmp/clone_directory/zh-hant/codes/go/pkg/tree_node_test.go,5,5,11
JavaScript,/tmp/clone_directory/zh-hant/codes/javascript/chapter_dynamic_programming/climbing_stairs_dfs.js,3,10,11
Python,/tmp/clone_directory/zh-hant/codes/python/chapter_dynamic_programming/climbing_stairs_dfs.py,7,10,11
Markdown,/tmp/clone_directory/zh-hant/codes/pythontutor/chapter_computational_complexity/time_complexity.md,11,16,11
Swift,/tmp/clone_directory/zh-hant/codes/swift/utils/Pair.swift,3,6,11
Markdown,/tmp/clone_directory/zh-hant/docs/chapter_greedy/summary.md,1,0,11
Go,/tmp/clone_directory/codes/go/chapter_greedy/max_capacity_test.go,4,4,10
Go,/tmp/clone_directory/codes/go/chapter_greedy/max_product_cutting_test.go,3,4,10
Go,/tmp/clone_directory/codes/go/chapter_sorting/bucket_sort_test.go,3,4,10
Go,/tmp/clone_directory/codes/go/chapter_sorting/heap_sort_test.go,3,3,10
Go,/tmp/clone_directory/codes/go/chapter_sorting/insertion_sort_test.go,3,3,10
Go,/tmp/clone_directory/codes/go/chapter_sorting/merge_sort_test.go,3,3,10
Go,/tmp/clone_directory/codes/go/chapter_sorting/selection_sort_test.go,3,3,10
Rust,/tmp/clone_directory/codes/rust/include/vertex.rs,3,8,10
Markdown,/tmp/clone_directory/docs/chapter_divide_and_conquer/summary.md,1,0,10
Markdown,/tmp/clone_directory/en/docs/chapter_divide_and_conquer/summary.md,1,0,10
JavaScript,/tmp/clone_directory/overrides/javascripts/katex.js,0,0,10
CMake,/tmp/clone_directory/zh-hant/codes/c/chapter_backtracking/CMakeLists.txt,0,0,10
CMake,/tmp/clone_directory/zh-hant/codes/cpp/chapter_backtracking/CMakeLists.txt,0,0,10
CMake,/tmp/clone_directory/zh-hant/codes/cpp/chapter_dynamic_programming/CMakeLists.txt,0,0,10
Go,/tmp/clone_directory/zh-hant/codes/go/chapter_greedy/max_capacity_test.go,4,4,10
Go,/tmp/clone_directory/zh-hant/codes/go/chapter_greedy/max_product_cutting_test.go,3,4,10
Go,/tmp/clone_directory/zh-hant/codes/go/chapter_sorting/bucket_sort_test.go,3,4,10
Go,/tmp/clone_directory/zh-hant/codes/go/chapter_sorting/heap_sort_test.go,3,3,10
Go,/tmp/clone_directory/zh-hant/codes/go/chapter_sorting/insertion_sort_test.go,3,3,10
Go,/tmp/clone_directory/zh-hant/codes/go/chapter_sorting/merge_sort_test.go,3,3,10
Go,/tmp/clone_directory/zh-hant/codes/go/chapter_sorting/selection_sort_test.go,3,3,10
Rust,/tmp/clone_directory/zh-hant/codes/rust/include/vertex.rs,3,8,10
Markdown,/tmp/clone_directory/zh-hant/docs/chapter_divide_and_conquer/summary.md,1,0,10
CMake,/tmp/clone_directory/zh-hant/codes/c/chapter_sorting/CMakeLists.txt,0,0,9
CMake,/tmp/clone_directory/zh-hant/codes/cpp/chapter_stack_and_queue/CMakeLists.txt,0,0,9
Go,/tmp/clone_directory/zh-hant/codes/go/pkg/list_node_test.go,4,3,9
Markdown,/tmp/clone_directory/codes/pythontutor/chapter_computational_complexity/iteration.md,8,13,8
YAML,/tmp/clone_directory/docker-compose.yml,0,0,8
Markdown,/tmp/clone_directory/en/docs/chapter_introduction/summary.md,1,0,8
CMake,/tmp/clone_directory/zh-hant/codes/c/chapter_dynamic_programming/CMakeLists.txt,0,0,8
Markdown,/tmp/clone_directory/zh-hant/codes/pythontutor/chapter_computational_complexity/iteration.md,8,13,8
Markdown,/tmp/clone_directory/.github/pull_request_template.md,3,0,7
Python,/tmp/clone_directory/codes/python/modules/vertex.py,7,6,7
Markdown,/tmp/clone_directory/docs/chapter_preface/summary.md,1,0,7
Markdown,/tmp/clone_directory/docs/chapter_searching/summary.md,1,0,7
Python,/tmp/clone_directory/en/codes/python/modules/vertex.py,7,6,7
Markdown,/tmp/clone_directory/en/docs/chapter_preface/summary.md,1,0,7
Markdown,/tmp/clone_directory/en/docs/chapter_searching/summary.md,1,0,7
CMake,/tmp/clone_directory/zh-hant/codes/c/chapter_greedy/CMakeLists.txt,1,0,7
Python,/tmp/clone_directory/zh-hant/codes/python/modules/vertex.py,7,6,7
Markdown,/tmp/clone_directory/zh-hant/docs/chapter_preface/summary.md,1,0,7
Markdown,/tmp/clone_directory/zh-hant/docs/chapter_searching/summary.md,1,0,7
Markdown,/tmp/clone_directory/codes/pythontutor/chapter_array_and_linkedlist/array.md,6,11,6
Markdown,/tmp/clone_directory/codes/pythontutor/chapter_computational_complexity/space_complexity.md,6,11,6
CMake,/tmp/clone_directory/zh-hant/codes/c/chapter_stack_and_queue/CMakeLists.txt,0,0,6
CMake,/tmp/clone_directory/zh-hant/codes/c/chapter_tree/CMakeLists.txt,0,0,6
CMake,/tmp/clone_directory/zh-hant/codes/cpp/chapter_hashing/CMakeLists.txt,0,0,6
CMake,/tmp/clone_directory/zh-hant/codes/cpp/chapter_sorting/CMakeLists.txt,0,0,6
CMake,/tmp/clone_directory/zh-hant/codes/cpp/chapter_tree/CMakeLists.txt,0,0,6
Markdown,/tmp/clone_directory/zh-hant/codes/pythontutor/chapter_array_and_linkedlist/array.md,6,11,6
Markdown,/tmp/clone_directory/zh-hant/codes/pythontutor/chapter_computational_complexity/space_complexity.md,6,11,6
Markdown,/tmp/clone_directory/docs/chapter_array_and_linkedlist/index.md,4,0,5
Markdown,/tmp/clone_directory/docs/chapter_backtracking/index.md,4,0,5
Markdown,/tmp/clone_directory/docs/chapter_computational_complexity/index.md,4,0,5
Markdown,/tmp/clone_directory/docs/chapter_data_structure/index.md,4,0,5
Markdown,/tmp/clone_directory/docs/chapter_divide_and_conquer/index.md,4,0,5
Markdown,/tmp/clone_directory/docs/chapter_dynamic_programming/index.md,4,0,5
Markdown,/tmp/clone_directory/docs/chapter_graph/index.md,4,0,5
Markdown,/tmp/clone_directory/docs/chapter_greedy/index.md,4,0,5
Markdown,/tmp/clone_directory/docs/chapter_hashing/index.md,4,0,5
Markdown,/tmp/clone_directory/docs/chapter_heap/index.md,4,0,5
Markdown,/tmp/clone_directory/docs/chapter_introduction/index.md,4,0,5
Markdown,/tmp/clone_directory/docs/chapter_preface/index.md,4,0,5
Markdown,/tmp/clone_directory/docs/chapter_searching/index.md,4,0,5
Markdown,/tmp/clone_directory/docs/chapter_sorting/index.md,4,0,5
Markdown,/tmp/clone_directory/docs/chapter_stack_and_queue/index.md,4,0,5
Markdown,/tmp/clone_directory/docs/chapter_tree/index.md,4,0,5
Markdown,/tmp/clone_directory/en/docs/chapter_array_and_linkedlist/index.md,4,0,5
Markdown,/tmp/clone_directory/en/docs/chapter_backtracking/index.md,4,0,5
Markdown,/tmp/clone_directory/en/docs/chapter_computational_complexity/index.md,4,0,5
Markdown,/tmp/clone_directory/en/docs/chapter_data_structure/index.md,4,0,5
Markdown,/tmp/clone_directory/en/docs/chapter_divide_and_conquer/index.md,4,0,5
Markdown,/tmp/clone_directory/en/docs/chapter_dynamic_programming/index.md,4,0,5
Markdown,/tmp/clone_directory/en/docs/chapter_graph/index.md,4,0,5
Markdown,/tmp/clone_directory/en/docs/chapter_greedy/index.md,4,0,5
Markdown,/tmp/clone_directory/en/docs/chapter_hashing/index.md,4,0,5
Markdown,/tmp/clone_directory/en/docs/chapter_heap/index.md,4,0,5
Markdown,/tmp/clone_directory/en/docs/chapter_introduction/index.md,4,0,5
Markdown,/tmp/clone_directory/en/docs/chapter_preface/index.md,4,0,5
Markdown,/tmp/clone_directory/en/docs/chapter_searching/index.md,4,0,5
Markdown,/tmp/clone_directory/en/docs/chapter_sorting/index.md,4,0,5
Markdown,/tmp/clone_directory/en/docs/chapter_stack_and_queue/index.md,4,0,5
Markdown,/tmp/clone_directory/en/docs/chapter_tree/index.md,4,0,5
CMake,/tmp/clone_directory/zh-hant/codes/c/chapter_computational_complexity/CMakeLists.txt,0,0,5
CMake,/tmp/clone_directory/zh-hant/codes/c/utils/CMakeLists.txt,0,0,5
CMake,/tmp/clone_directory/zh-hant/codes/cpp/chapter_computational_complexity/CMakeLists.txt,0,0,5
Zig,/tmp/clone_directory/zh-hant/codes/zig/include/include.zig,1,3,5
Markdown,/tmp/clone_directory/zh-hant/docs/chapter_array_and_linkedlist/index.md,4,0,5
Markdown,/tmp/clone_directory/zh-hant/docs/chapter_backtracking/index.md,4,0,5
Markdown,/tmp/clone_directory/zh-hant/docs/chapter_computational_complexity/index.md,4,0,5
Markdown,/tmp/clone_directory/zh-hant/docs/chapter_data_structure/index.md,4,0,5
Markdown,/tmp/clone_directory/zh-hant/docs/chapter_divide_and_conquer/index.md,4,0,5
Markdown,/tmp/clone_directory/zh-hant/docs/chapter_dynamic_programming/index.md,4,0,5
Markdown,/tmp/clone_directory/zh-hant/docs/chapter_graph/index.md,4,0,5
Markdown,/tmp/clone_directory/zh-hant/docs/chapter_greedy/index.md,4,0,5
Markdown,/tmp/clone_directory/zh-hant/docs/chapter_hashing/index.md,4,0,5
Markdown,/tmp/clone_directory/zh-hant/docs/chapter_heap/index.md,4,0,5
Markdown,/tmp/clone_directory/zh-hant/docs/chapter_introduction/index.md,4,0,5
Markdown,/tmp/clone_directory/zh-hant/docs/chapter_preface/index.md,4,0,5
Markdown,/tmp/clone_directory/zh-hant/docs/chapter_searching/index.md,4,0,5
Markdown,/tmp/clone_directory/zh-hant/docs/chapter_sorting/index.md,4,0,5
Markdown,/tmp/clone_directory/zh-hant/docs/chapter_stack_and_queue/index.md,4,0,5
Markdown,/tmp/clone_directory/zh-hant/docs/chapter_tree/index.md,4,0,5
Markdown,/tmp/clone_directory/codes/pythontutor/chapter_array_and_linkedlist/linked_list.md,4,9,4
Markdown,/tmp/clone_directory/codes/pythontutor/chapter_computational_complexity/recursion.md,4,9,4
Markdown,/tmp/clone_directory/codes/pythontutor/chapter_dynamic_programming/knapsack.md,4,9,4
Markdown,/tmp/clone_directory/codes/pythontutor/chapter_dynamic_programming/min_path_sum.md,4,9,4
Markdown,/tmp/clone_directory/codes/pythontutor/chapter_heap/my_heap.md,6,10,4
Markdown,/tmp/clone_directory/codes/pythontutor/chapter_sorting/quick_sort.md,4,9,4
CMake,/tmp/clone_directory/zh-hant/codes/c/chapter_graph/CMakeLists.txt,0,0,4
CMake,/tmp/clone_directory/zh-hant/codes/c/chapter_hashing/CMakeLists.txt,0,0,4
CMake,/tmp/clone_directory/zh-hant/codes/c/chapter_searching/CMakeLists.txt,0,0,4
CMake,/tmp/clone_directory/zh-hant/codes/cpp/chapter_array_and_linkedlist/CMakeLists.txt,0,0,4
CMake,/tmp/clone_directory/zh-hant/codes/cpp/chapter_graph/CMakeLists.txt,0,1,4
CMake,/tmp/clone_directory/zh-hant/codes/cpp/chapter_searching/CMakeLists.txt,0,0,4
CMake,/tmp/clone_directory/zh-hant/codes/cpp/utils/CMakeLists.txt,0,0,4
Markdown,/tmp/clone_directory/zh-hant/codes/pythontutor/chapter_array_and_linkedlist/linked_list.md,4,9,4
Markdown,/tmp/clone_directory/zh-hant/codes/pythontutor/chapter_computational_complexity/recursion.md,4,9,4
Markdown,/tmp/clone_directory/zh-hant/codes/pythontutor/chapter_dynamic_programming/knapsack.md,4,9,4
Markdown,/tmp/clone_directory/zh-hant/codes/pythontutor/chapter_dynamic_programming/min_path_sum.md,4,9,4
Markdown,/tmp/clone_directory/zh-hant/codes/pythontutor/chapter_heap/my_heap.md,6,10,4
Markdown,/tmp/clone_directory/zh-hant/codes/pythontutor/chapter_sorting/quick_sort.md,4,9,4
Rust,/tmp/clone_directory/zh-hant/codes/rust/include/include.rs,1,5,4
Markdown,/tmp/clone_directory/codes/pythontutor/chapter_tree/binary_search_tree.md,3,8,3
Markdown,/tmp/clone_directory/docs/index.md,2,0,3
Markdown,/tmp/clone_directory/en/docs/index.md,2,0,3
JSON,/tmp/clone_directory/giscus.json,0,0,3
CMake,/tmp/clone_directory/zh-hant/codes/c/chapter_array_and_linkedlist/CMakeLists.txt,0,0,3
CMake,/tmp/clone_directory/zh-hant/codes/c/chapter_divide_and_conquer/CMakeLists.txt,0,0,3
CMake,/tmp/clone_directory/zh-hant/codes/cpp/chapter_divide_and_conquer/CMakeLists.txt,0,0,3
CMake,/tmp/clone_directory/zh-hant/codes/cpp/chapter_greedy/CMakeLists.txt,0,0,3
CMake,/tmp/clone_directory/zh-hant/codes/cpp/chapter_heap/CMakeLists.txt,0,0,3
C#,/tmp/clone_directory/zh-hant/codes/csharp/GlobalUsing.cs,0,0,3
Markdown,/tmp/clone_directory/zh-hant/codes/pythontutor/chapter_tree/binary_search_tree.md,3,8,3
Markdown,/tmp/clone_directory/zh-hant/docs/index.md,2,0,3
Markdown,/tmp/clone_directory/codes/pythontutor/chapter_dynamic_programming/climbing_stairs_dp.md,2,7,2
Markdown,/tmp/clone_directory/codes/pythontutor/chapter_dynamic_programming/coin_change.md,2,7,2
Markdown,/tmp/clone_directory/codes/pythontutor/chapter_dynamic_programming/coin_change_ii.md,2,7,2
Markdown,/tmp/clone_directory/codes/pythontutor/chapter_dynamic_programming/edit_distance.md,2,7,2
Markdown,/tmp/clone_directory/codes/pythontutor/chapter_dynamic_programming/min_cost_climbing_stairs_dp.md,2,7,2
Markdown,/tmp/clone_directory/codes/pythontutor/chapter_dynamic_programming/unbounded_knapsack.md,2,7,2
Markdown,/tmp/clone_directory/codes/pythontutor/chapter_searching/binary_search.md,2,7,2
Markdown,/tmp/clone_directory/codes/pythontutor/chapter_searching/binary_search_edge.md,2,7,2
Markdown,/tmp/clone_directory/codes/pythontutor/chapter_searching/binary_search_insertion.md,2,7,2
Markdown,/tmp/clone_directory/codes/pythontutor/chapter_searching/two_sum.md,2,7,2
Markdown,/tmp/clone_directory/codes/pythontutor/chapter_sorting/bubble_sort.md,2,7,2
Markdown,/tmp/clone_directory/codes/pythontutor/chapter_sorting/counting_sort.md,2,7,2
Markdown,/tmp/clone_directory/docs/chapter_appendix/index.md,1,0,2
Markdown,/tmp/clone_directory/en/docs/chapter_appendix/index.md,1,0,2
CMake,/tmp/clone_directory/zh-hant/codes/c/chapter_heap/CMakeLists.txt,0,0,2
Markdown,/tmp/clone_directory/zh-hant/codes/pythontutor/chapter_dynamic_programming/climbing_stairs_dp.md,2,7,2
Markdown,/tmp/clone_directory/zh-hant/codes/pythontutor/chapter_dynamic_programming/coin_change.md,2,7,2
Markdown,/tmp/clone_directory/zh-hant/codes/pythontutor/chapter_dynamic_programming/coin_change_ii.md,2,7,2
Markdown,/tmp/clone_directory/zh-hant/codes/pythontutor/chapter_dynamic_programming/edit_distance.md,2,7,2
Markdown,/tmp/clone_directory/zh-hant/codes/pythontutor/chapter_dynamic_programming/min_cost_climbing_stairs_dp.md,2,7,2
Markdown,/tmp/clone_directory/zh-hant/codes/pythontutor/chapter_dynamic_programming/unbounded_knapsack.md,2,7,2
Markdown,/tmp/clone_directory/zh-hant/codes/pythontutor/chapter_searching/binary_search.md,2,7,2
Markdown,/tmp/clone_directory/zh-hant/codes/pythontutor/chapter_searching/binary_search_edge.md,2,7,2
Markdown,/tmp/clone_directory/zh-hant/codes/pythontutor/chapter_searching/binary_search_insertion.md,2,7,2
Markdown,/tmp/clone_directory/zh-hant/codes/pythontutor/chapter_searching/two_sum.md,2,7,2
Markdown,/tmp/clone_directory/zh-hant/codes/pythontutor/chapter_sorting/bubble_sort.md,2,7,2
Markdown,/tmp/clone_directory/zh-hant/codes/pythontutor/chapter_sorting/counting_sort.md,2,7,2
Markdown,/tmp/clone_directory/zh-hant/docs/chapter_appendix/index.md,1,0,2
Markdown,/tmp/clone_directory/codes/pythontutor/chapter_array_and_linkedlist/my_list.md,1,6,1
Markdown,/tmp/clone_directory/codes/pythontutor/chapter_backtracking/n_queens.md,1,6,1
Markdown,/tmp/clone_directory/codes/pythontutor/chapter_backtracking/permutations_i.md,1,6,1
Markdown,/tmp/clone_directory/codes/pythontutor/chapter_backtracking/permutations_ii.md,1,6,1
Markdown,/tmp/clone_directory/codes/pythontutor/chapter_backtracking/preorder_traversal_i_compact.md,1,6,1
Markdown,/tmp/clone_directory/codes/pythontutor/chapter_backtracking/preorder_traversal_ii_compact.md,1,6,1
Markdown,/tmp/clone_directory/codes/pythontutor/chapter_backtracking/preorder_traversal_iii_compact.md,1,6,1
Markdown,/tmp/clone_directory/codes/pythontutor/chapter_backtracking/preorder_traversal_iii_template.md,1,6,1
Markdown,/tmp/clone_directory/codes/pythontutor/chapter_backtracking/subset_sum_i.md,1,6,1
Markdown,/tmp/clone_directory/codes/pythontutor/chapter_backtracking/subset_sum_i_naive.md,1,6,1
Markdown,/tmp/clone_directory/codes/pythontutor/chapter_backtracking/subset_sum_ii.md,1,6,1
Markdown,/tmp/clone_directory/codes/pythontutor/chapter_computational_complexity/worst_best_time_complexity.md,1,6,1
Markdown,/tmp/clone_directory/codes/pythontutor/chapter_divide_and_conquer/binary_search_recur.md,1,6,1
Markdown,/tmp/clone_directory/codes/pythontutor/chapter_divide_and_conquer/build_tree.md,1,6,1
Markdown,/tmp/clone_directory/codes/pythontutor/chapter_divide_and_conquer/hanota.md,1,6,1
Markdown,/tmp/clone_directory/codes/pythontutor/chapter_dynamic_programming/climbing_stairs_backtrack.md,1,6,1
Markdown,/tmp/clone_directory/codes/pythontutor/chapter_dynamic_programming/climbing_stairs_constraint_dp.md,1,6,1
Markdown,/tmp/clone_directory/codes/pythontutor/chapter_dynamic_programming/climbing_stairs_dfs.md,1,6,1
Markdown,/tmp/clone_directory/codes/pythontutor/chapter_dynamic_programming/climbing_stairs_dfs_mem.md,1,6,1
Markdown,/tmp/clone_directory/codes/pythontutor/chapter_graph/graph_adjacency_list.md,1,6,1
Markdown,/tmp/clone_directory/codes/pythontutor/chapter_graph/graph_adjacency_matrix.md,1,6,1
Markdown,/tmp/clone_directory/codes/pythontutor/chapter_graph/graph_bfs.md,1,6,1
Markdown,/tmp/clone_directory/codes/pythontutor/chapter_graph/graph_dfs.md,1,6,1
Markdown,/tmp/clone_directory/codes/pythontutor/chapter_greedy/coin_change_greedy.md,1,6,1
Markdown,/tmp/clone_directory/codes/pythontutor/chapter_greedy/fractional_knapsack.md,1,6,1
Markdown,/tmp/clone_directory/codes/pythontutor/chapter_greedy/max_capacity.md,1,6,1
Markdown,/tmp/clone_directory/codes/pythontutor/chapter_greedy/max_product_cutting.md,1,6,1
Markdown,/tmp/clone_directory/codes/pythontutor/chapter_hashing/array_hash_map.md,1,6,1
Markdown,/tmp/clone_directory/codes/pythontutor/chapter_hashing/hash_map_chaining.md,1,6,1
Markdown,/tmp/clone_directory/codes/pythontutor/chapter_hashing/simple_hash.md,1,6,1
Markdown,/tmp/clone_directory/codes/pythontutor/chapter_heap/top_k.md,1,6,1
Markdown,/tmp/clone_directory/codes/pythontutor/chapter_sorting/bucket_sort.md,1,6,1
Markdown,/tmp/clone_directory/codes/pythontutor/chapter_sorting/heap_sort.md,1,6,1
Markdown,/tmp/clone_directory/codes/pythontutor/chapter_sorting/insertion_sort.md,1,6,1
Markdown,/tmp/clone_directory/codes/pythontutor/chapter_sorting/merge_sort.md,1,6,1
Markdown,/tmp/clone_directory/codes/pythontutor/chapter_sorting/radix_sort.md,1,6,1
Markdown,/tmp/clone_directory/codes/pythontutor/chapter_sorting/selection_sort.md,1,6,1
Markdown,/tmp/clone_directory/codes/pythontutor/chapter_stack_and_queue/array_queue.md,1,6,1
Markdown,/tmp/clone_directory/codes/pythontutor/chapter_stack_and_queue/array_stack.md,1,6,1
Markdown,/tmp/clone_directory/codes/pythontutor/chapter_stack_and_queue/linkedlist_queue.md,1,6,1
Markdown,/tmp/clone_directory/codes/pythontutor/chapter_stack_and_queue/linkedlist_stack.md,1,6,1
Markdown,/tmp/clone_directory/codes/pythontutor/chapter_tree/array_binary_tree.md,1,6,1
Markdown,/tmp/clone_directory/codes/pythontutor/chapter_tree/binary_tree_bfs.md,1,6,1
Markdown,/tmp/clone_directory/codes/pythontutor/chapter_tree/binary_tree_dfs.md,1,6,1
SVG,/tmp/clone_directory/docs/index.assets/btn_download_pdf.svg,0,0,1
SVG,/tmp/clone_directory/docs/index.assets/btn_download_pdf_dark.svg,0,0,1
SVG,/tmp/clone_directory/docs/index.assets/btn_english_edition.svg,0,0,1
SVG,/tmp/clone_directory/docs/index.assets/btn_english_edition_dark.svg,0,0,1
SVG,/tmp/clone_directory/docs/index.assets/btn_read_online.svg,0,0,1
SVG,/tmp/clone_directory/docs/index.assets/btn_read_online_dark.svg,0,0,1
SVG,/tmp/clone_directory/en/docs/index.assets/btn_chinese_edition.svg,0,0,1
SVG,/tmp/clone_directory/en/docs/index.assets/btn_chinese_edition_dark.svg,0,0,1
SVG,/tmp/clone_directory/en/docs/index.assets/btn_download_pdf.svg,0,0,1
SVG,/tmp/clone_directory/en/docs/index.assets/btn_download_pdf_dark.svg,0,0,1
SVG,/tmp/clone_directory/en/docs/index.assets/btn_read_online.svg,0,0,1
SVG,/tmp/clone_directory/en/docs/index.assets/btn_read_online_dark.svg,0,0,1
Markdown,/tmp/clone_directory/zh-hant/codes/pythontutor/chapter_array_and_linkedlist/my_list.md,1,6,1
Markdown,/tmp/clone_directory/zh-hant/codes/pythontutor/chapter_backtracking/n_queens.md,1,6,1
Markdown,/tmp/clone_directory/zh-hant/codes/pythontutor/chapter_backtracking/permutations_i.md,1,6,1
Markdown,/tmp/clone_directory/zh-hant/codes/pythontutor/chapter_backtracking/permutations_ii.md,1,6,1
Markdown,/tmp/clone_directory/zh-hant/codes/pythontutor/chapter_backtracking/preorder_traversal_i_compact.md,1,6,1
Markdown,/tmp/clone_directory/zh-hant/codes/pythontutor/chapter_backtracking/preorder_traversal_ii_compact.md,1,6,1
Markdown,/tmp/clone_directory/zh-hant/codes/pythontutor/chapter_backtracking/preorder_traversal_iii_compact.md,1,6,1
Markdown,/tmp/clone_directory/zh-hant/codes/pythontutor/chapter_backtracking/preorder_traversal_iii_template.md,1,6,1
Markdown,/tmp/clone_directory/zh-hant/codes/pythontutor/chapter_backtracking/subset_sum_i.md,1,6,1
Markdown,/tmp/clone_directory/zh-hant/codes/pythontutor/chapter_backtracking/subset_sum_i_naive.md,1,6,1
Markdown,/tmp/clone_directory/zh-hant/codes/pythontutor/chapter_backtracking/subset_sum_ii.md,1,6,1
Markdown,/tmp/clone_directory/zh-hant/codes/pythontutor/chapter_computational_complexity/worst_best_time_complexity.md,1,6,1
Markdown,/tmp/clone_directory/zh-hant/codes/pythontutor/chapter_divide_and_conquer/binary_search_recur.md,1,6,1
Markdown,/tmp/clone_directory/zh-hant/codes/pythontutor/chapter_divide_and_conquer/build_tree.md,1,6,1
Markdown,/tmp/clone_directory/zh-hant/codes/pythontutor/chapter_divide_and_conquer/hanota.md,1,6,1
Markdown,/tmp/clone_directory/zh-hant/codes/pythontutor/chapter_dynamic_programming/climbing_stairs_backtrack.md,1,6,1
Markdown,/tmp/clone_directory/zh-hant/codes/pythontutor/chapter_dynamic_programming/climbing_stairs_constraint_dp.md,1,6,1
Markdown,/tmp/clone_directory/zh-hant/codes/pythontutor/chapter_dynamic_programming/climbing_stairs_dfs.md,1,6,1
Markdown,/tmp/clone_directory/zh-hant/codes/pythontutor/chapter_dynamic_programming/climbing_stairs_dfs_mem.md,1,6,1
Markdown,/tmp/clone_directory/zh-hant/codes/pythontutor/chapter_graph/graph_adjacency_list.md,1,6,1
Markdown,/tmp/clone_directory/zh-hant/codes/pythontutor/chapter_graph/graph_adjacency_matrix.md,1,6,1
Markdown,/tmp/clone_directory/zh-hant/codes/pythontutor/chapter_graph/graph_bfs.md,1,6,1
Markdown,/tmp/clone_directory/zh-hant/codes/pythontutor/chapter_graph/graph_dfs.md,1,6,1
Markdown,/tmp/clone_directory/zh-hant/codes/pythontutor/chapter_greedy/coin_change_greedy.md,1,6,1
Markdown,/tmp/clone_directory/zh-hant/codes/pythontutor/chapter_greedy/fractional_knapsack.md,1,6,1
Markdown,/tmp/clone_directory/zh-hant/codes/pythontutor/chapter_greedy/max_capacity.md,1,6,1
Markdown,/tmp/clone_directory/zh-hant/codes/pythontutor/chapter_greedy/max_product_cutting.md,1,6,1
Markdown,/tmp/clone_directory/zh-hant/codes/pythontutor/chapter_hashing/array_hash_map.md,1,6,1
Markdown,/tmp/clone_directory/zh-hant/codes/pythontutor/chapter_hashing/hash_map_chaining.md,1,6,1
Markdown,/tmp/clone_directory/zh-hant/codes/pythontutor/chapter_hashing/simple_hash.md,1,6,1
Markdown,/tmp/clone_directory/zh-hant/codes/pythontutor/chapter_heap/top_k.md,1,6,1
Markdown,/tmp/clone_directory/zh-hant/codes/pythontutor/chapter_sorting/bucket_sort.md,1,6,1
Markdown,/tmp/clone_directory/zh-hant/codes/pythontutor/chapter_sorting/heap_sort.md,1,6,1
Markdown,/tmp/clone_directory/zh-hant/codes/pythontutor/chapter_sorting/insertion_sort.md,1,6,1
Markdown,/tmp/clone_directory/zh-hant/codes/pythontutor/chapter_sorting/merge_sort.md,1,6,1
Markdown,/tmp/clone_directory/zh-hant/codes/pythontutor/chapter_sorting/radix_sort.md,1,6,1
Markdown,/tmp/clone_directory/zh-hant/codes/pythontutor/chapter_sorting/selection_sort.md,1,6,1
Markdown,/tmp/clone_directory/zh-hant/codes/pythontutor/chapter_stack_and_queue/array_queue.md,1,6,1
Markdown,/tmp/clone_directory/zh-hant/codes/pythontutor/chapter_stack_and_queue/array_stack.md,1,6,1
Markdown,/tmp/clone_directory/zh-hant/codes/pythontutor/chapter_stack_and_queue/linkedlist_queue.md,1,6,1
Markdown,/tmp/clone_directory/zh-hant/codes/pythontutor/chapter_stack_and_queue/linkedlist_stack.md,1,6,1
Markdown,/tmp/clone_directory/zh-hant/codes/pythontutor/chapter_tree/array_binary_tree.md,1,6,1
Markdown,/tmp/clone_directory/zh-hant/codes/pythontutor/chapter_tree/binary_tree_bfs.md,1,6,1
Markdown,/tmp/clone_directory/zh-hant/codes/pythontutor/chapter_tree/binary_tree_dfs.md,1,6,1
SVG,/tmp/clone_directory/zh-hant/docs/index.assets/btn_download_pdf.svg,0,0,1
SVG,/tmp/clone_directory/zh-hant/docs/index.assets/btn_download_pdf_dark.svg,0,0,1
SVG,/tmp/clone_directory/zh-hant/docs/index.assets/btn_read_online.svg,0,0,1
SVG,/tmp/clone_directory/zh-hant/docs/index.assets/btn_read_online_dark.svg,0,0,1
SUM,,37625,51119,159446
